0.000000 0.618321 -0.558489 0.837496 -0.000873 -0.025557 -0.166059 0.985784
0.103957 0.737417 -0.605047 0.845299 -0.001985 -0.024953 -0.176706 0.983945
0.207994 0.877845 -0.659445 0.845078 -0.002436 -0.024096 -0.189888 0.981507
0.312089 1.010225 -0.723973 0.842045 -0.001819 -0.022803 -0.206370 0.978207
0.416200 1.161417 -0.840476 0.836418 0.000038 -0.022057 -0.224773 0.974161
0.520311 1.321458 -0.957830 0.851539 0.002006 -0.021822 -0.244098 0.969503
0.624447 1.493199 -1.081684 0.870752 0.002683 -0.020950 -0.265628 0.963844
0.728607 1.660009 -1.209895 0.869981 0.003041 -0.019151 -0.288898 0.957163
0.832753 1.846375 -1.396250 0.858090 0.005126 -0.015869 -0.312217 0.949864
0.936864 2.010392 -1.583285 0.859912 0.009942 -0.013037 -0.335415 0.941928
1.040986 2.172043 -1.780406 0.888352 0.013193 -0.011034 -0.360820 0.932477
1.145118 2.355018 -2.001585 0.915101 0.014405 -0.008789 -0.387291 0.921803
1.249204 2.523142 -2.238000 0.901423 0.015351 -0.006205 -0.413361 0.910417
1.353268 2.662565 -2.490218 0.892984 0.017745 -0.004412 -0.439900 0.897861
1.561273 2.955343 -3.076825 0.901063 0.023011 -0.002257 -0.492314 0.870111
1.665193 3.084630 -3.407014 0.901429 0.024951 -0.001904 -0.517143 0.855533
1.769064 3.202599 -3.755155 0.902026 0.026147 -0.001231 -0.541326 0.840405
1.872886 3.341163 -4.131738 0.898657 0.026162 0.000868 -0.564469 0.825039
1.976662 3.452408 -4.539579 0.886283 0.026427 0.002314 -0.585685 0.810105
2.080342 3.546343 -4.979538 0.865973 0.026831 0.003392 -0.604976 0.795784
2.183997 3.626853 -5.431636 0.858066 0.027919 0.004529 -0.622590 0.782037
2.287628 3.699452 -5.907175 0.846193 0.027987 0.005609 -0.639291 0.768435
2.391259 3.756133 -6.402433 0.821297 0.027970 0.005520 -0.654686 0.755363
2.494890 3.796980 -6.932212 0.799130 0.028243 0.004111 -0.668573 0.743099
2.598472 3.823803 -7.493305 0.778031 0.028500 0.002326 -0.680343 0.732336
2.702030 3.845772 -8.079765 0.756570 0.028399 0.001004 -0.690392 0.722877
2.805562 3.853864 -8.697124 0.732606 0.028557 0.000253 -0.697968 0.715559
3.012632 3.833353 -10.004634 0.687479 0.029904 0.000191 -0.707808 0.705771
3.116239 3.828041 -10.694739 0.663878 0.030472 0.001367 -0.711692 0.701829
3.219895 3.823566 -11.394529 0.635875 0.030899 0.002721 -0.715263 0.698167
3.323551 3.804593 -12.121018 0.602966 0.031481 0.003688 -0.718733 0.694563
3.427232 3.768277 -12.858635 0.575189 0.032159 0.004803 -0.722244 0.690874
3.530910 3.734314 -13.616093 0.537354 0.032878 0.005484 -0.725865 0.687029
3.634586 3.687098 -14.392446 0.505201 0.033407 0.006223 -0.729248 0.683405
3.738266 3.648748 -15.177949 0.473180 0.034181 0.007945 -0.732512 0.679849
3.841969 3.583007 -15.973616 0.430236 0.035130 0.010121 -0.736047 0.675942
3.945695 3.498920 -16.774759 0.386628 0.036622 0.011672 -0.740261 0.671220
4.049421 3.414665 -17.573318 0.340750 0.037674 0.012493 -0.744481 0.666463
4.256898 3.219557 -19.166563 0.247750 0.037981 0.012609 -0.753849 0.655828
4.360675 3.095445 -19.957897 0.199036 0.037636 0.012566 -0.759295 0.649535
4.464472 2.970071 -20.743593 0.159459 0.036809 0.013143 -0.765754 0.641945
4.568343 2.816061 -21.541195 0.110464 0.035457 0.014560 -0.773680 0.632416
4.672287 2.642828 -22.327885 0.061403 0.034455 0.016118 -0.783106 0.620724
4.776279 2.437561 -23.120960 0.002981 0.034001 0.017115 -0.793331 0.607600
4.880246 2.199912 -23.917858 -0.046393 0.033801 0.017259 -0.803505 0.594087
4.984162 1.926381 -24.711584 -0.096787 0.033549 0.017264 -0.813430 0.580438
5.088084 1.630942 -25.508892 -0.142443 0.032578 0.017275 -0.822758 0.567195
5.191978 1.313294 -26.278267 -0.197726 0.031113 0.016971 -0.831967 0.553692
5.295846 0.960706 -27.044443 -0.254150 0.030334 0.014269 -0.840841 0.540243
5.399695 0.581847 -27.797628 -0.303284 0.029810 0.010972 -0.849417 0.526765
5.503518 0.165941 -28.538774 -0.350235 0.029518 0.006976 -0.857485 0.513614
5.607340 -0.271103 -29.265934 -0.384197 0.029269 0.003967 -0.864915 0.501049
5.711114 -0.714807 -29.987274 -0.433834 -0.029837 0.001006 0.872046 -0.488513
5.814840 -1.193217 -30.695127 -0.468941 -0.027823 0.006069 0.878745 -0.476442
5.918544 -1.682337 -31.379576 -0.497313 -0.022729 0.011535 0.885091 -0.464719
6.022223 -2.166505 -32.056583 -0.503455 -0.015160 0.015489 0.891190 -0.453113
6.125902 -2.688250 -32.694328 -0.499250 -0.008233 0.017932 0.897359 -0.440859
6.229605 -3.202090 -33.330990 -0.480250 -0.004132 0.020700 0.903127 -0.428855
6.333307 -3.751925 -33.961227 -0.449273 -0.003440 0.022443 0.908435 -0.417408
6.436962 -4.307319 -34.581120 -0.421702 -0.004756 0.022526 0.913446 -0.406309
6.540616 -4.877200 -35.189724 -0.399660 -0.008250 0.022548 0.917955 -0.395956
6.644294 -5.473711 -35.771774 -0.395651 -0.011750 0.024204 0.921790 -0.386756
6.747955 -6.070625 -36.363087 -0.386630 -0.013136 0.025728 0.924807 -0.379338
6.851586 -6.657219 -36.915298 -0.368465 -0.012672 0.027153 0.927221 -0.373313
6.955187 -7.233493 -37.467964 -0.358142 -0.012132 0.028195 0.929319 -0.368001
7.058818 -7.811482 -38.019554 -0.324248 -0.010210 0.025902 0.931545 -0.362559
7.162496 -8.399913 -38.555080 -0.328806 -0.010068 0.024418 0.933939 -0.356455
7.266174 -9.013434 -39.099991 -0.330249 -0.010026 0.025176 0.935709 -0.351730
7.369829 -9.634096 -39.631027 -0.319453 -0.009982 0.026907 0.937271 -0.347417
7.473489 -10.252088 -40.171532 -0.314869 -0.008789 0.027967 0.938092 -0.345142
7.577120 -10.901665 -40.732044 -0.299175 -0.007742 0.028000 0.938043 -0.345298
7.680722 -11.558190 -41.297756 -0.293069 -0.008310 0.029052 0.937400 -0.346942
7.784352 -12.211988 -41.888062 -0.279687 -0.008429 0.028644 0.936269 -0.350012
7.888030 -12.882914 -42.481628 -0.274061 -0.008160 0.027760 0.934807 -0.353974
7.991758 -13.561676 -43.097305 -0.262861 -0.007683 0.027146 0.933322 -0.357931
8.095484 -14.244240 -43.720425 -0.248507 -0.007270 0.026080 0.931944 -0.361591
8.199235 -14.930991 -44.352200 -0.236490 -0.006737 0.024325 0.930974 -0.364213
8.303036 -15.621224 -45.004467 -0.226898 -0.006096 0.021958 0.930579 -0.365380
8.406859 -16.336218 -45.672127 -0.214478 -0.006059 0.020379 0.930616 -0.365379
8.510682 -17.042145 -46.340393 -0.209212 -0.006067 0.019377 0.930831 -0.364885
8.614479 -17.770363 -47.023022 -0.199488 -0.006318 0.019223 0.930928 -0.364642
8.718254 -18.512051 -47.717709 -0.189019 -0.006624 0.018912 0.930906 -0.364709
8.822028 -19.260027 -48.407616 -0.183239 -0.007095 0.018963 0.930946 -0.364596
8.925802 -20.025690 -49.113144 -0.164566 -0.007268 0.018669 0.930948 -0.364602
9.029576 -20.773928 -49.819141 -0.156236 -0.007371 0.017820 0.930968 -0.364591
9.133327 -21.524380 -50.522228 -0.141538 -0.007452 0.017357 0.930996 -0.364541
9.237080 -22.282875 -51.228260 -0.131587 -0.007504 0.016839 0.930952 -0.364675
9.340829 -23.034086 -51.939278 -0.115302 -0.007888 0.016333 0.930649 -0.365462
9.444562 -23.791061 -52.631851 -0.107418 -0.009097 0.015999 0.930182 -0.366636
9.548292 -24.537323 -53.331154 -0.096999 -0.010226 0.016037 0.929718 -0.367782
9.652035 -25.273029 -54.026905 -0.087578 -0.010565 0.015998 0.929248 -0.368958
9.755785 -26.010143 -54.735203 -0.079997 -0.010748 0.016399 0.928770 -0.370136
9.859561 -26.756296 -55.433811 -0.069274 -0.010624 0.016518 0.928466 -0.370897
9.963383 -27.482134 -56.128971 -0.061118 -0.009816 0.016621 0.928585 -0.370618
10.067226 -28.214437 -56.823933 -0.046930 -0.008407 0.016491 0.929180 -0.369164
10.171078 -28.950247 -57.526577 -0.030608 -0.007471 0.016028 0.930067 -0.366964
10.274931 -29.678673 -58.202972 -0.030900 -0.007707 0.015378 0.931158 -0.364211
10.378795 -30.420855 -58.888454 -0.007817 -0.010107 0.015772 0.932317 -0.361156
10.482637 -31.155674 -59.556225 -0.003462 -0.010600 0.014682 0.933378 -0.358438
10.586464 -31.898014 -60.228008 0.010187 -0.009868 0.014920 0.934442 -0.355665
10.690288 -32.638996 -60.876720 0.016552 -0.008909 0.015700 0.935459 -0.352974
10.794061 -33.383034 -61.527618 0.027405 -0.008125 0.015268 0.936466 -0.350333
10.897810 -34.112518 -62.175503 0.038440 -0.007374 0.014857 0.937276 -0.348194
11.001561 -34.853539 -62.814926 0.052319 -0.007410 0.014480 0.937947 -0.346396
11.105288 -35.587593 -63.457584 0.051578 -0.010856 0.014020 0.938499 -0.344825
11.209014 -36.341942 -64.090630 0.055609 -0.015634 0.012401 0.938858 -0.343727
11.312742 -37.082256 -64.725243 0.053944 -0.018271 0.011739 0.939139 -0.342851
11.416446 -37.819542 -65.353378 0.049136 -0.016819 0.012878 0.939403 -0.342160
11.520148 -38.555683 -65.962990 0.053849 -0.013894 0.013957 0.939743 -0.341314
11.623877 -39.294235 -66.573616 0.041121 -0.013161 0.016787 0.939832 -0.340969
11.727604 -40.026772 -67.178391 0.043035 -0.013864 0.018418 0.939851 -0.340805
11.831281 -40.760277 -67.787796 0.047502 -0.015533 0.018168 0.939781 -0.340940
11.934961 -41.495865 -68.403488 0.035771 -0.017168 0.016581 0.939544 -0.341595
12.038689 -42.222343 -69.024223 0.028989 -0.019721 0.014870 0.939376 -0.341998
12.142414 -42.947670 -69.653313 0.035386 -0.019916 0.010866 0.939192 -0.342641
12.246163 -43.665588 -70.288757 0.019149 -0.019122 0.006690 0.938962 -0.343425
12.349914 -44.383453 -70.885017 -0.002919 -0.019495 0.006860 0.938675 -0.344183
12.453643 -45.106365 -71.500465 -0.011862 -0.020367 0.009176 0.937986 -0.345953
12.557345 -45.818699 -72.113029 -0.024240 -0.019693 0.011107 0.937010 -0.348569
12.661024 -46.517689 -72.723061 -0.039505 -0.020055 0.012924 0.935491 -0.352544
12.764702 -47.218788 -73.339317 -0.043730 -0.021583 0.015846 0.933792 -0.356812
12.868404 -47.912292 -73.972900 -0.053646 -0.022196 0.016756 0.931778 -0.361962
12.972130 -48.583523 -74.620506 -0.067078 -0.021367 0.014919 0.929535 -0.367811
13.075856 -49.264877 -75.274689 -0.082634 -0.023018 0.014728 0.927054 -0.373930
13.179584 -49.919849 -75.927620 -0.097163 -0.023848 0.014700 0.924535 -0.380067
13.283314 -50.559311 -76.580093 -0.116078 -0.024156 0.014849 0.922068 -0.385989
13.387039 -51.204361 -77.249130 -0.126000 -0.024619 0.016144 0.919375 -0.392280
13.490787 -51.836864 -77.927933 -0.136020 -0.023510 0.017102 0.916738 -0.398430
13.594562 -52.447758 -78.603317 -0.134937 -0.020451 0.019717 0.914231 -0.404196
13.698315 -53.053757 -79.309608 -0.150048 -0.017622 0.022308 0.911403 -0.410532
13.802066 -53.643970 -80.004730 -0.165330 -0.016569 0.020556 0.908771 -0.416459
13.905839 -54.244133 -80.713570 -0.151793 -0.018669 0.019617 0.906014 -0.422381
14.009612 -54.813423 -81.410446 -0.141650 -0.018234 0.019178 0.903588 -0.427585
14.113435 -55.370998 -82.101883 -0.132870 -0.015192 0.019443 0.901982 -0.431068
14.217307 -55.933975 -82.813858 -0.134401 -0.010741 0.018917 0.900785 -0.433720
14.321153 -56.498489 -83.543564 -0.140510 -0.007794 0.018824 0.899936 -0.435546
14.424976 -57.067234 -84.259949 -0.124243 -0.006724 0.017398 0.899134 -0.437276
14.528798 -57.603863 -84.983215 -0.114546 -0.006418 0.016806 0.898035 -0.439556
14.632599 -58.162445 -85.715179 -0.100706 -0.006822 0.014691 0.896689 -0.442364
14.736399 -58.702702 -86.434349 -0.085200 -0.008156 0.013265 0.895450 -0.444889
14.840199 -59.239628 -87.157707 -0.078575 -0.009281 0.012064 0.894149 -0.447511
14.943949 -59.764652 -87.896629 -0.061093 -0.009430 0.011721 0.892653 -0.450494
15.047698 -60.270447 -88.636078 -0.063092 -0.005991 0.008211 0.891230 -0.453438
15.151471 -60.791389 -89.368423 -0.044501 -0.004638 0.009126 0.889610 -0.456605
15.255224 -61.315952 -90.103867 -0.027272 -0.003591 0.010660 0.887978 -0.459748
15.358975 -61.815941 -90.828766 -0.014898 -0.003089 0.009130 0.886372 -0.462874
15.462749 -62.324104 -91.587738 -0.020437 -0.004683 0.008377 0.884663 -0.466132
15.566525 -62.837749 -92.338699 -0.004214 -0.006168 0.007493 0.882927 -0.469411
15.670298 -63.317162 -93.073914 0.011193 -0.005243 0.007899 0.881337 -0.472393
15.774096 -63.803493 -93.828949 0.021434 -0.003758 0.008701 0.879729 -0.475382
15.877898 -64.284943 -94.584770 0.025970 -0.003100 0.008901 0.878081 -0.478419
15.981647 -64.759735 -95.332474 0.039869 -0.002837 0.008343 0.876369 -0.481560
16.085395 -65.237167 -96.102417 0.048599 -0.003971 0.009706 0.874402 -0.485089
16.189171 -65.708656 -96.859337 0.072695 -0.004799 0.011290 0.872457 -0.488537
16.292948 -66.175667 -97.617897 0.087400 -0.005075 0.012149 0.870681 -0.491672
16.396724 -66.621132 -98.386063 0.102603 -0.004073 0.010578 0.869034 -0.494622
16.500523 -67.069778 -99.166176 0.121051 -0.003022 0.008098 0.867455 -0.497440
16.604345 -67.517593 -99.932106 0.126868 -0.003716 0.009246 0.866332 -0.499370
16.708167 -67.972038 -100.708839 0.150107 0.004032 -0.009480 -0.865114 0.501469
16.811965 -68.415245 -101.489342 0.171660 0.003832 -0.009975 -0.863870 0.503602
16.915738 -68.855690 -102.265480 0.171959 0.005235 -0.011607 -0.862475 0.505939
17.019539 -69.300812 -103.042801 0.188994 0.007967 -0.013424 -0.861056 0.508270
17.123362 -69.720947 -103.805786 0.205534 0.009801 -0.014899 -0.859808 0.510306
17.227185 -70.132332 -104.589233 0.223848 0.008964 -0.014340 -0.858692 0.512214
17.330984 -70.545837 -105.367043 0.233120 0.007782 -0.014735 -0.857803 0.513709
17.434783 -70.954475 -106.145004 0.240639 0.007056 -0.014196 -0.857304 0.514567
17.538629 -71.364357 -106.932457 0.249704 0.006969 -0.013259 -0.857054 0.515010
17.642478 -71.777199 -107.705353 0.258406 0.008571 -0.012429 -0.856735 0.515535
17.746300 -72.177376 -108.493782 0.270690 0.011043 -0.011378 -0.856418 0.516040
17.850121 -72.592239 -109.264420 0.280091 0.012778 -0.011414 -0.856142 0.516456
17.953917 -72.989243 -110.023804 0.293911 0.012050 -0.012749 -0.855935 0.516787
18.057716 -73.392471 -110.788895 0.302458 0.010221 -0.013516 -0.855917 0.516835
18.161516 -73.780708 -111.539856 0.301635 0.009389 -0.012340 -0.855943 0.516838
18.265290 -74.178421 -112.308533 0.315704 0.008858 -0.011081 -0.855858 0.517016
18.369067 -74.585419 -113.070679 0.322175 0.009954 -0.012735 -0.855673 0.517265
18.472842 -74.989197 -113.834885 0.342913 0.009089 -0.012884 -0.855365 0.517786
18.576592 -75.367706 -114.588577 0.352444 0.005461 -0.009813 -0.855386 0.517869
18.680320 -75.752838 -115.357338 0.361238 0.003412 -0.008820 -0.855298 0.518050
18.784048 -76.139809 -116.112419 0.378722 0.002642 -0.010421 -0.855248 0.518107
18.887774 -76.527908 -116.873123 0.395058 0.001871 -0.010006 -0.855170 0.518248
18.991499 -76.915176 -117.634933 0.415957 0.001860 -0.011035 -0.854728 0.518956
19.095224 -77.318115 -118.373192 0.414302 0.003447 -0.012870 -0.854314 0.519587
19.198979 -77.707870 -119.122406 0.437319 0.006213 -0.014359 -0.853438 0.520960
19.302730 -78.102242 -119.867622 0.440458 0.009001 -0.014000 -0.852837 0.521912
19.406454 -78.473602 -120.600121 0.454604 0.010784 -0.015313 -0.851956 0.523278
19.510181 -78.845024 -121.322807 0.482701 0.010188 -0.017762 -0.850620 0.525382
19.613908 -79.197426 -122.036430 0.487185 0.009684 -0.019898 -0.849011 0.527912
19.717613 -79.539391 -122.754021 0.510547 0.008035 -0.018258 -0.846987 0.531240
19.821292 -79.882668 -123.474030 0.518360 0.007894 -0.015576 -0.844510 0.535254
19.924945 -80.220695 -124.198395 0.531694 0.010904 -0.018394 -0.841448 0.539915
20.028600 -80.534050 -124.895561 0.551428 0.012329 -0.021719 -0.837803 0.545402
20.132302 -80.831177 -125.609772 0.572003 0.010889 -0.020663 -0.833996 0.551275
20.236028 -81.118736 -126.313553 0.578854 0.011118 -0.021394 -0.830254 0.556863
20.339752 -81.393356 -127.024017 0.595749 0.012130 -0.023867 -0.826444 0.562383
20.443505 -81.646446 -127.717621 0.628376 0.011529 -0.027357 -0.822582 0.567871
20.547279 -81.883728 -128.408844 0.650491 0.007816 -0.030055 -0.818944 0.573033
20.651054 -82.110535 -129.116974 0.682172 0.000798 -0.027982 -0.815229 0.578461
20.754855 -82.338509 -129.836929 0.692019 -0.001645 -0.027033 -0.811458 0.583783
20.858677 -82.558144 -130.547913 0.713533 -0.002800 -0.022810 -0.808046 0.588671
20.962553 -82.755104 -131.229416 0.748948 -0.001888 -0.021886 -0.804719 0.593250
21.066424 -82.967850 -131.945099 0.805189 -0.000938 -0.026980 -0.801838 0.596932
21.170289 -83.179344 -132.668549 0.845077 -0.006126 -0.026995 -0.799725 0.599728
21.274232 -83.378235 -133.395187 0.874829 -0.009906 -0.025589 -0.798596 0.601241
21.378201 -83.594917 -134.133835 0.897658 -0.011308 -0.021235 -0.798529 0.601475
21.482167 -83.808586 -134.858459 0.947982 -0.009318 -0.019771 -0.798924 0.601035
21.586132 -84.021477 -135.580093 0.986803 -0.008093 -0.018828 -0.799747 0.599988
21.690073 -84.230385 -136.293945 1.031935 -0.006957 -0.020028 -0.800639 0.598772
21.794017 -84.448799 -137.017502 1.064608 -0.006339 -0.021036 -0.801754 0.597251
21.897987 -84.658798 -137.717209 1.107443 -0.006638 -0.019289 -0.803091 0.595506
22.001930 -84.854805 -138.429321 1.145756 -0.006641 -0.018871 -0.804753 0.593272
22.105847 -85.078552 -139.135590 1.173275 -0.006458 -0.017944 -0.806519 0.590901
22.209743 -85.314926 -139.839996 1.205850 -0.005745 -0.016814 -0.808320 0.588476
22.313613 -85.538681 -140.571945 1.245187 -0.004519 -0.017698 -0.809944 0.586223
22.417460 -85.766769 -141.254578 1.278532 -0.005786 -0.016817 -0.811573 0.583981
22.521257 -85.989952 -141.941849 1.309575 -0.006467 -0.017610 -0.812964 0.582012
22.625008 -86.215797 -142.603546 1.335424 -0.006308 -0.018989 -0.813737 0.580889
22.728736 -86.463081 -143.288559 1.359920 -0.006260 -0.020771 -0.814128 0.580280
22.832439 -86.714661 -143.984497 1.389047 -0.005233 -0.021187 -0.813944 0.580534
22.936092 -86.950523 -144.669556 1.421409 -0.003671 -0.020588 -0.812930 0.581986
23.039698 -87.168915 -145.335342 1.459513 -0.002290 -0.021645 -0.810906 0.584771
23.143306 -87.382500 -146.013351 1.487546 -0.002118 -0.022732 -0.807711 0.589137
23.246937 -87.580070 -146.664200 1.515363 -0.000756 -0.024878 -0.803708 0.594503
23.350568 -87.768723 -147.332077 1.543258 -0.000719 -0.024085 -0.799228 0.600544
23.454199 -87.938057 -148.011292 1.572197 0.000123 -0.021830 -0.794244 0.607206
23.557854 -88.099152 -148.676224 1.594838 0.001192 -0.018497 -0.789456 0.613527
23.661558 -88.237915 -149.334015 1.615904 0.004135 -0.016950 -0.784330 0.620099
23.765259 -88.380272 -150.002319 1.638017 0.006691 -0.014623 -0.778820 0.627041
23.868961 -88.504799 -150.658905 1.656315 0.009117 -0.012776 -0.773370 0.633761
23.972665 -88.616356 -151.316208 1.672572 0.010800 -0.012990 -0.767739 0.640540
24.076369 -88.710548 -151.976425 1.680609 0.011982 -0.013685 -0.761931 0.647403
24.180096 -88.796310 -152.628632 1.699882 0.012102 -0.013570 -0.756193 0.654096
24.283843 -88.870384 -153.278442 1.711651 0.010233 -0.010688 -0.750976 0.660164
24.387618 -88.932037 -153.922775 1.709765 0.009791 -0.007971 -0.745940 0.665894
24.491416 -89.001701 -154.568161 1.719599 0.011908 -0.007817 -0.741681 0.670602
24.595214 -89.056252 -155.206635 1.741232 0.013368 -0.008445 -0.737958 0.674662
24.698990 -89.093315 -155.831818 1.768587 0.011993 -0.008382 -0.734484 0.678469
24.802763 -89.129395 -156.435730 1.796925 0.009074 -0.009095 -0.731399 0.681829
24.906515 -89.149109 -157.048843 1.811255 0.005965 -0.012824 -0.728189 0.685230
25.010266 -89.186035 -157.652588 1.804362 0.003784 -0.016901 -0.725216 0.688303
25.114040 -89.214279 -158.267776 1.787660 0.002688 -0.016285 -0.722724 0.690939
25.217840 -89.226692 -158.911819 1.779885 0.003329 -0.012026 -0.720568 0.693272
25.321639 -89.246437 -159.552826 1.784267 0.005993 -0.006869 -0.718705 0.695255
25.425438 -89.272644 -160.187988 1.803747 0.009081 -0.003455 -0.717730 0.696254
25.529261 -89.298096 -160.820908 1.843409 0.012242 -0.004912 -0.717552 0.696380
25.633058 -89.322380 -161.454651 1.851686 0.012439 -0.007317 -0.716963 0.696962
25.736834 -89.344818 -162.091202 1.845413 0.012985 -0.008577 -0.716469 0.697445
25.840587 -89.354599 -162.732162 1.828956 0.013199 -0.007789 -0.715847 0.698088
25.944292 -89.361290 -163.383118 1.835376 0.014145 -0.005987 -0.714912 0.699046
26.047971 -89.376366 -164.045105 1.837031 0.016169 -0.004664 -0.713689 0.700261
26.151647 -89.383011 -164.704254 1.843868 0.018048 -0.004122 -0.712163 0.701770
26.255326 -89.388397 -165.367538 1.839684 0.019128 -0.004209 -0.710050 0.703879
26.359006 -89.381706 -166.032364 1.829725 0.020423 -0.003663 -0.707224 0.706685
26.462684 -89.374718 -166.699158 1.833393 0.022087 -0.004068 -0.703669 0.710173
26.566386 -89.357300 -167.363388 1.844672 0.021191 -0.003828 -0.699590 0.714220
26.670112 -89.328545 -168.013641 1.844038 0.019908 -0.005037 -0.695292 0.718434
26.773814 -89.294731 -168.682220 1.839947 0.018366 -0.005879 -0.690931 0.722664
26.877517 -89.251289 -169.341309 1.818666 0.017964 -0.006767 -0.686389 0.726981
26.981244 -89.198105 -170.027069 1.812580 0.018541 -0.005769 -0.681865 0.731221
27.084946 -89.135155 -170.710114 1.807828 0.019143 -0.004909 -0.677405 0.735345
27.188649 -89.059807 -171.395432 1.813740 0.018490 -0.003530 -0.672900 0.739494
27.292425 -88.980133 -172.070251 1.797834 0.018003 -0.001526 -0.668884 0.743148
27.396223 -88.901878 -172.762390 1.796197 0.016827 0.000133 -0.665945 0.745811
27.500046 -88.828041 -173.437561 1.775236 0.017596 0.000634 -0.664056 0.747476
27.603917 -88.746284 -174.139694 1.766190 0.019776 0.000787 -0.663039 0.748324
27.707787 -88.673325 -174.836258 1.758487 0.020756 -0.001493 -0.662840 0.748472
27.811682 -88.585526 -175.551880 1.749700 0.020665 -0.002177 -0.663113 0.748231
27.915576 -88.505501 -176.278687 1.739280 0.021428 -0.004286 -0.663520 0.747839
28.019422 -88.423462 -177.016052 1.716814 0.022278 -0.005267 -0.663437 0.747882
28.123269 -88.333031 -177.752975 1.702299 0.024794 -0.004516 -0.663631 0.747636
28.227115 -88.245979 -178.489227 1.706355 0.026152 -0.003309 -0.664035 0.747237
28.330943 -88.160019 -179.234726 1.691885 0.027246 -0.002745 -0.664634 0.746667
28.434768 -88.062935 -179.987259 1.684000 0.027326 -0.002174 -0.665162 0.746196
28.538588 -87.969429 -180.732147 1.668680 0.027008 -0.001373 -0.665868 0.745580
28.642385 -87.882080 -181.490692 1.662724 0.026787 -0.001330 -0.666546 0.744981
28.746160 -87.793076 -182.240387 1.652283 0.026140 -0.003246 -0.667129 0.744476
28.849921 -87.711853 -182.985214 1.648722 0.023931 -0.005123 -0.667415 0.744284
28.953673 -87.621445 -183.726974 1.635425 0.022158 -0.005003 -0.667835 0.743963
29.057412 -87.533409 -184.477417 1.619748 0.022676 -0.003676 -0.668529 0.743332
29.161140 -87.442146 -185.223679 1.613124 0.023349 -0.001603 -0.668984 0.742908
29.264890 -87.348442 -185.965271 1.611517 0.022416 0.000089 -0.669986 0.742035
29.368665 -87.266457 -186.695541 1.600653 0.021747 0.001310 -0.671867 0.740351
29.472463 -87.196877 -187.422348 1.580084 0.022155 0.001752 -0.674630 0.737821
29.576284 -87.137390 -188.165817 1.563356 0.022471 0.001401 -0.678230 0.734505
29.680108 -87.091820 -188.895401 1.553131 0.023157 -0.000170 -0.682104 0.730888
29.783955 -87.035583 -189.639008 1.554440 0.021593 -0.000641 -0.686458 0.726849
29.887827 -86.998589 -190.377182 1.534524 0.020903 0.000696 -0.690933 0.722616
29.991674 -86.980797 -191.124893 1.498210 0.024332 0.001590 -0.694793 0.718796
30.095473 -86.966827 -191.884964 1.498621 0.028838 0.003102 -0.697961 0.715548
30.199223 -86.958206 -192.632690 1.488628 0.030751 0.005191 -0.700405 0.713064
30.302929 -86.935364 -193.389603 1.465801 0.030330 0.007693 -0.701983 0.711506
30.406607 -86.932678 -194.137558 1.424396 0.031269 0.007771 -0.702856 0.710602
30.510266 -86.931625 -194.897522 1.387723 0.031981 0.007343 -0.703391 0.710045
30.613920 -86.926964 -195.652405 1.372101 0.031535 0.007115 -0.703715 0.709746
30.717615 -86.905350 -196.400894 1.337592 0.029969 0.007747 -0.703901 0.709623
30.821319 -86.889931 -197.164978 1.301828 0.029659 0.008501 -0.703749 0.709778
30.924997 -86.878067 -197.931854 1.269679 0.030063 0.009092 -0.703249 0.710250
31.028698 -86.869797 -198.697083 1.230192 0.031051 0.009018 -0.702603 0.710847
31.132424 -86.869110 -199.470047 1.202991 0.032447 0.007822 -0.701845 0.711548
31.236154 -86.862152 -200.257690 1.172108 0.032857 0.008095 -0.700743 0.712611
31.339882 -86.841263 -201.048721 1.145884 0.032631 0.009948 -0.699171 0.714140
31.443586 -86.821709 -201.836151 1.099451 0.033693 0.011995 -0.697303 0.715884
31.547288 -86.786896 -202.625000 1.063943 0.035275 0.013331 -0.695287 0.717742
31.650989 -86.763847 -203.407227 1.028847 0.035502 0.013729 -0.693549 0.719403
31.754717 -86.720436 -204.194595 0.998962 0.034343 0.013471 -0.691985 0.720969
31.858467 -86.674561 -204.973495 0.954838 0.030709 0.013836 -0.690359 0.722682
31.962169 -86.624352 -205.758072 0.917124 0.028111 0.014908 -0.688765 0.724286
32.065874 -86.580864 -206.550217 0.871587 0.027384 0.015817 -0.687122 0.725854
32.169601 -86.524178 -207.329865 0.834994 0.027487 0.014865 -0.685582 0.727324
32.273328 -86.462090 -208.122818 0.802978 0.025725 0.014741 -0.684214 0.728679
32.377055 -86.400810 -208.915298 0.773323 0.025030 0.015032 -0.682375 0.730419
32.480780 -86.344955 -209.709396 0.731984 0.025311 0.015539 -0.680683 0.731976
32.584480 -86.282227 -210.512772 0.704916 0.026358 0.014299 -0.679045 0.733484
32.688159 -86.221451 -211.310089 0.671372 0.027526 0.012451 -0.677315 0.735072
32.791863 -86.143387 -212.100479 0.647620 0.026439 0.012214 -0.675626 0.736669
32.895590 -86.054001 -212.898499 0.610748 0.025530 0.014159 -0.673878 0.738266
32.999317 -85.964767 -213.690765 0.571201 0.024945 0.015493 -0.671980 0.739987
33.103043 -85.892731 -214.473740 0.544440 0.025031 0.013488 -0.670345 0.741505
33.206770 -85.798561 -215.252518 0.528401 0.023583 0.010589 -0.668967 0.742843
33.310522 -85.697212 -216.045029 0.510186 0.020002 0.010433 -0.667683 0.744103
33.414297 -85.590378 -216.839066 0.468001 0.016321 0.015324 -0.666469 0.745197
33.518046 -85.495850 -217.647629 0.428064 0.018488 0.019754 -0.665346 0.746044
33.621772 -85.410034 -218.460480 0.392796 0.023905 0.022991 -0.664392 0.746648
33.725498 -85.303612 -219.257263 0.356815 0.027819 0.025737 -0.663596 0.747131
33.829201 -85.213120 -220.045792 0.318304 0.029807 0.026443 -0.662706 0.747819
33.932880 -85.126587 -220.834854 0.276095 0.029337 0.024287 -0.661579 0.748908
34.036558 -85.019218 -221.633606 0.227676 0.027978 0.021147 -0.659923 0.750514
34.140261 -84.905800 -222.414993 0.186740 0.025668 0.019841 -0.658245 0.752105
34.243964 -84.792160 -223.199966 0.145980 0.024771 0.018678 -0.656572 0.753625
34.347668 -84.679153 -223.974503 0.115874 0.023818 0.017922 -0.654988 0.755051
34.451370 -84.544197 -224.776764 0.082794 0.023577 0.018536 -0.653382 0.756434
34.555048 -84.420769 -225.580658 0.036861 0.024541 0.020250 -0.651888 0.757648
34.658751 -84.297867 -226.382843 -0.008061 0.026724 0.022238 -0.650487 0.758721
34.762501 -84.167877 -227.190369 -0.049713 0.029780 0.023214 -0.649340 0.759560
34.866277 -84.035713 -227.996307 -0.099834 0.031923 0.025004 -0.648528 0.760110
34.970030 -83.912056 -228.811844 -0.153072 0.034844 0.026548 -0.647569 0.760747
35.073752 -83.781242 -229.618408 -0.205863 0.035449 0.027014 -0.646798 0.761358
35.177477 -83.635643 -230.401718 -0.254038 0.030888 0.026152 -0.646219 0.762078
35.281206 -83.492523 -231.200241 -0.300498 0.025489 0.021750 -0.646115 0.762504
35.384910 -83.346977 -232.000580 -0.343117 0.022046 0.018970 -0.645893 0.762874
35.488592 -83.201607 -232.810776 -0.387784 0.022499 0.019437 -0.645938 0.762810
35.592294 -83.062950 -233.627274 -0.430418 0.024411 0.021979 -0.645821 0.762782
35.695997 -82.920807 -234.426590 -0.466597 0.025283 0.022115 -0.645222 0.763256
35.799675 -82.783096 -235.231033 -0.509687 0.026298 0.020394 -0.644853 0.763582
35.903354 -82.655563 -236.036682 -0.545412 0.027118 0.019910 -0.644185 0.764130
36.007057 -82.509796 -236.841232 -0.589109 0.028889 0.021146 -0.643516 0.764595
36.110779 -82.370697 -237.639374 -0.632561 0.029828 0.022650 -0.642933 0.765006
36.214507 -82.218575 -238.446854 -0.687633 0.029198 0.022861 -0.642718 0.765205
36.318263 -82.077759 -239.250580 -0.726433 0.028289 0.021296 -0.642153 0.765758
36.422014 -81.938995 -240.049179 -0.767471 0.027635 0.020677 -0.641648 0.766223
36.525764 -81.789314 -240.867416 -0.811849 0.029071 0.020437 -0.640688 0.766979
36.629513 -81.641434 -241.668503 -0.855977 0.030182 0.021354 -0.639326 0.768046
36.733264 -81.486191 -242.477264 -0.905951 0.031241 0.021507 -0.637861 0.769217
36.837015 -81.330887 -243.282959 -0.949454 0.031723 0.020937 -0.635961 0.770785
36.940743 -81.171356 -244.093613 -0.989272 0.030651 0.020919 -0.634179 0.772295
37.044494 -81.001305 -244.893509 -1.031112 0.028471 0.020873 -0.632523 0.773736
37.148220 -80.824455 -245.698822 -1.077412 0.027281 0.019364 -0.630189 0.775721
37.251900 -80.656158 -246.505981 -1.119623 0.027723 0.016984 -0.627031 0.778316
37.355580 -80.468979 -247.313202 -1.159125 0.028383 0.015778 -0.623169 0.781413
37.459210 -80.275772 -248.131668 -1.194367 0.030582 0.013877 -0.618591 0.784995
37.562840 -80.056000 -248.942764 -1.230904 0.031726 0.012500 -0.612842 0.789469
37.666520 -79.822884 -249.740128 -1.267505 0.031815 0.013278 -0.606714 0.794172
37.770196 -79.580933 -250.537201 -1.301591 0.033318 0.014406 -0.600461 0.798830
37.873923 -79.331444 -251.324432 -1.335930 0.033993 0.016362 -0.594349 0.803322
37.977723 -79.069008 -252.109161 -1.374109 0.033197 0.017603 -0.588974 0.807278
38.081545 -78.794502 -252.885010 -1.400061 0.029984 0.018459 -0.584693 0.810490
38.185392 -78.523018 -253.650467 -1.450289 0.027205 0.019008 -0.581588 0.812806
38.289311 -78.248405 -254.423813 -1.491279 0.025381 0.019634 -0.580485 0.813638
38.393302 -77.993164 -255.190872 -1.524072 0.021855 0.021438 -0.581616 0.812887
38.497317 -77.714157 -255.959152 -1.558328 0.018336 0.021682 -0.584975 0.810554
38.601354 -77.467140 -256.717285 -1.604594 0.015579 0.020922 -0.589574 0.807293
38.705392 -77.233788 -257.501892 -1.633774 0.015930 0.019294 -0.594710 0.803551
38.809408 -76.987587 -258.301025 -1.662081 0.017939 0.019439 -0.599586 0.799873
38.913375 -76.760094 -259.082550 -1.688693 0.016919 0.021183 -0.604335 0.796269
39.017270 -76.548592 -259.875885 -1.730422 0.018442 0.020681 -0.608779 0.792855
39.121142 -76.345665 -260.671692 -1.756632 0.019258 0.019003 -0.612701 0.789851
39.225011 -76.155273 -261.463226 -1.789256 0.020110 0.017392 -0.616877 0.786610
39.328834 -75.951469 -262.262787 -1.808195 0.018581 0.017921 -0.620328 0.783917
39.432584 -75.751427 -263.069458 -1.837588 0.018037 0.019561 -0.623291 0.781537
39.536310 -75.554039 -263.879211 -1.874491 0.018075 0.022379 -0.625597 0.779616
39.640040 -75.375107 -264.703369 -1.921873 0.019178 0.025250 -0.627360 0.778084
39.743742 -75.206734 -265.534973 -1.958737 0.020803 0.026791 -0.629125 0.776564
39.847444 -75.031288 -266.347717 -2.003211 0.020172 0.026093 -0.630507 0.775483
39.951170 -74.855202 -267.154663 -2.060267 0.016823 0.023709 -0.631660 0.774701
40.054897 -74.669647 -267.961487 -2.082494 0.012431 0.020039 -0.632479 0.774218
40.158599 -74.495354 -268.769714 -2.112000 0.009392 0.017664 -0.633279 0.773665
40.262303 -74.310890 -269.598083 -2.134172 0.007950 0.019172 -0.633913 0.773126
40.366054 -74.134598 -270.437103 -2.165227 0.008642 0.021241 -0.634253 0.772785
40.469805 -73.973793 -271.269775 -2.193263 0.010227 0.021395 -0.634301 0.772722
40.573531 -73.807564 -272.116302 -2.218965 0.011856 0.021306 -0.633846 0.773075
40.677259 -73.634697 -272.956757 -2.250046 0.012813 0.021966 -0.633111 0.773643
40.780962 -73.460617 -273.807587 -2.278450 0.013512 0.021964 -0.631610 0.774857
40.884639 -73.283485 -274.644440 -2.309044 0.014008 0.021521 -0.629920 0.776236
40.988315 -73.109261 -275.481598 -2.340981 0.013682 0.022145 -0.628386 0.777466
41.091993 -72.917747 -276.325806 -2.375574 0.012673 0.022936 -0.626855 0.778695
41.195649 -72.716362 -277.175842 -2.410746 0.011852 0.022331 -0.624812 0.780366
41.299307 -72.526665 -278.034851 -2.445762 0.012215 0.019877 -0.623029 0.781851
41.402987 -72.331451 -278.892548 -2.464008 0.011606 0.017730 -0.620605 0.783837
41.506664 -72.122238 -279.750702 -2.490160 0.011010 0.016769 -0.617753 0.786116
41.610375 -71.894073 -280.616302 -2.510306 0.010554 0.017934 -0.614209 0.788869
41.714078 -71.664589 -281.480652 -2.545949 0.010796 0.020868 -0.611075 0.791224
41.817773 -71.412590 -282.342255 -2.572525 0.011697 0.024210 -0.607733 0.793686
41.921477 -71.157005 -283.210785 -2.615524 0.012301 0.027884 -0.604580 0.795961
42.025161 -70.900085 -284.080078 -2.661383 0.013625 0.028857 -0.601389 0.798319
42.128841 -70.634529 -284.948669 -2.697963 0.013928 0.027162 -0.597676 0.801157
42.232538 -70.374916 -285.809479 -2.735017 0.012786 0.023810 -0.594216 0.803851
42.336239 -70.099876 -286.670441 -2.762854 0.010046 0.020602 -0.590551 0.806675
42.439918 -69.821999 -287.527313 -2.800221 0.009882 0.016553 -0.587255 0.809173
42.543621 -69.527878 -288.385498 -2.831074 0.010324 0.013334 -0.583892 0.811656
42.647324 -69.243561 -289.262817 -2.855173 0.012759 0.011540 -0.580553 0.814040
42.751003 -68.933372 -290.135803 -2.881171 0.015639 0.012298 -0.576675 0.816731
42.854705 -68.626518 -291.014099 -2.908197 0.019456 0.013779 -0.572759 0.819377
42.958431 -68.296181 -291.883575 -2.930463 0.021564 0.015103 -0.569045 0.821885
43.062182 -67.959396 -292.763824 -2.954798 0.021948 0.016559 -0.565667 0.824175
43.165957 -67.599457 -293.628967 -2.976059 0.019705 0.018618 -0.562322 0.826474
43.269732 -67.233643 -294.493652 -3.026768 0.018945 0.019809 -0.559077 0.828662
43.373508 -66.880371 -295.364471 -3.066161 0.020466 0.019802 -0.556642 0.830264
43.477283 -66.518181 -296.226166 -3.099768 0.020478 0.019777 -0.554254 0.831860
43.581033 -66.153748 -297.094940 -3.131818 0.020876 0.017209 -0.552095 0.833342
43.684759 -65.773972 -297.950531 -3.175174 0.020093 0.015348 -0.549637 0.835021
43.788488 -65.388603 -298.809967 -3.203013 0.019699 0.015268 -0.547203 0.836629
43.892215 -65.000916 -299.682709 -3.237719 0.018080 0.018112 -0.544969 0.838065
43.995939 -64.598846 -300.553192 -3.274601 0.019427 0.020208 -0.542656 0.839487
44.099667 -64.197601 -301.420074 -3.308814 0.020816 0.019603 -0.540292 0.840991
44.203418 -63.796101 -302.270142 -3.346522 0.018905 0.018660 -0.537960 0.842552
44.307171 -63.375248 -303.131683 -3.382180 0.017103 0.016503 -0.535595 0.844140
44.410920 -62.976517 -303.986267 -3.414093 0.018497 0.014442 -0.533367 0.845558
44.514669 -62.567120 -304.855774 -3.441424 0.020168 0.013858 -0.530864 0.847104
44.618395 -62.141216 -305.711761 -3.472101 0.022210 0.012809 -0.528543 0.848520
44.722122 -61.715084 -306.569214 -3.492427 0.023910 0.011595 -0.525623 0.850303
44.825850 -61.289814 -307.426300 -3.523532 0.026269 0.010300 -0.522982 0.851877
44.929600 -60.867840 -308.275452 -3.554411 0.027554 0.010681 -0.520537 0.853327
45.033374 -60.422966 -309.122742 -3.582277 0.026739 0.011722 -0.518553 0.854547
45.137124 -59.972454 -309.962677 -3.593671 0.026657 0.011092 -0.516304 0.855919
45.240853 -59.518936 -310.787689 -3.641407 0.025912 0.010745 -0.513948 0.857363
45.344604 -59.066284 -311.629333 -3.662917 0.027275 0.009842 -0.511707 0.858671
45.448377 -58.604416 -312.463562 -3.695515 0.027328 0.010728 -0.508895 0.860328
45.552151 -58.150951 -313.286865 -3.715863 0.027917 0.009459 -0.506700 0.861618
45.655927 -57.687782 -314.114868 -3.758643 0.028937 0.008846 -0.504343 0.862973
45.759727 -57.209568 -314.939606 -3.767599 0.027634 0.011226 -0.502133 0.864276
45.863528 -56.722828 -315.753418 -3.807683 0.025584 0.014162 -0.500333 0.865339
45.967300 -56.245583 -316.564362 -3.831834 0.024588 0.015461 -0.498805 0.866227
46.071097 -55.772388 -317.389557 -3.881337 0.026957 0.016650 -0.497438 0.866921
46.174921 -55.293247 -318.197937 -3.908429 0.026931 0.017358 -0.496294 0.867563
46.278744 -54.816204 -319.004669 -3.934461 0.028289 0.013980 -0.495393 0.868096
46.382565 -54.346188 -319.808350 -3.957926 0.025678 0.011271 -0.495082 0.868393
46.486411 -53.863556 -320.615173 -4.001366 0.024922 0.011192 -0.495234 0.868330
46.590259 -53.371872 -321.432556 -4.034106 0.024893 0.012333 -0.495878 0.867948
46.694084 -52.888279 -322.254547 -4.074061 0.025612 0.014452 -0.496672 0.867440
46.797931 -52.406841 -323.074860 -4.100324 0.026221 0.015390 -0.497942 0.866677
46.901826 -51.925995 -323.899048 -4.133003 0.026347 0.015410 -0.500110 0.865424
47.005721 -51.446556 -324.719879 -4.159380 0.023812 0.014760 -0.502734 0.863987
47.109567 -50.971420 -325.557770 -4.198125 0.022086 0.013570 -0.505837 0.862239
47.213412 -50.489754 -326.392181 -4.227249 0.021491 0.012819 -0.509369 0.860184
47.317259 -50.032555 -327.237793 -4.259542 0.021431 0.013196 -0.512910 0.858074
47.421081 -49.575439 -328.090179 -4.282169 0.021187 0.013553 -0.516366 0.855999
47.524906 -49.120686 -328.944794 -4.318795 0.021175 0.015312 -0.519592 0.854015
47.628704 -48.661762 -329.801178 -4.351248 0.022165 0.019128 -0.523357 0.851610
47.732476 -48.215424 -330.676880 -4.404365 0.023078 0.021783 -0.527018 0.849261
47.836252 -47.793858 -331.538055 -4.446923 0.022372 0.020663 -0.530699 0.847013
47.940005 -47.369400 -332.403107 -4.491260 0.020184 0.017759 -0.534039 0.845033
48.043731 -46.949718 -333.282288 -4.520961 0.018893 0.016210 -0.537220 0.843075
48.147442 -46.541607 -334.172211 -4.554166 0.019685 0.016348 -0.540237 0.841124
48.251146 -46.129272 -335.077759 -4.589722 0.020064 0.017658 -0.542914 0.839363
48.354839 -45.735672 -335.969910 -4.634358 0.020523 0.018263 -0.545476 0.837676
48.458541 -45.330338 -336.884583 -4.667244 0.020763 0.018874 -0.547939 0.836048
48.562266 -44.920662 -337.800079 -4.708742 0.021346 0.019725 -0.550249 0.834495
48.665968 -44.522045 -338.729156 -4.749725 0.020477 0.021019 -0.552501 0.832995
48.769648 -44.124386 -339.645599 -4.793489 0.019478 0.021789 -0.554452 0.831703
48.873327 -43.739086 -340.581421 -4.838052 0.018506 0.022495 -0.556466 0.830360
48.977032 -43.343773 -341.518585 -4.880069 0.017729 0.022566 -0.558471 0.829027
49.080736 -42.960293 -342.451874 -4.925930 0.017007 0.022866 -0.560343 0.827770
49.184414 -42.590603 -343.392334 -4.967484 0.017297 0.022885 -0.561987 0.826649
49.288092 -42.207890 -344.332062 -5.012046 0.017248 0.023438 -0.563538 0.825577
49.391794 -41.840042 -345.280975 -5.052423 0.017261 0.023974 -0.565036 0.824537
49.495495 -41.466145 -346.230927 -5.093315 0.017091 0.025097 -0.566574 0.823451
49.599198 -41.094379 -347.180725 -5.144388 0.017482 0.025757 -0.568097 0.822373
49.702926 -40.736225 -348.127838 -5.193126 0.017784 0.025081 -0.569697 0.821280
49.806629 -40.379845 -349.077881 -5.231454 0.016650 0.024533 -0.571173 0.820294
49.910283 -40.026821 -350.041046 -5.275382 0.016459 0.024776 -0.572227 0.819556
50.013936 -39.670723 -351.005554 -5.324754 0.019102 0.025858 -0.572676 0.819151
50.117607 -39.325356 -351.961243 -5.376904 0.023461 0.027913 -0.572841 0.818855
50.221303 -38.980007 -352.927094 -5.432491 0.025671 0.029123 -0.573049 0.818601
50.325030 -38.638428 -353.876984 -5.492740 0.026198 0.027543 -0.573394 0.818397
50.428768 -38.297844 -354.824432 -5.543173 0.025322 0.024093 -0.573618 0.818377
50.532472 -37.947472 -355.771149 -5.592150 0.024074 0.021011 -0.574236 0.818066
50.636165 -37.606125 -356.722839 -5.642440 0.023865 0.019634 -0.574865 0.817665
50.739878 -37.255894 -357.682434 -5.686227 0.024983 0.020105 -0.575408 0.817238
50.843589 -36.910931 -358.642029 -5.730909 0.027422 0.020733 -0.575735 0.816913
50.947315 -36.564064 -359.604095 -5.779867 0.029861 0.021505 -0.576010 0.816614
51.051008 -36.229618 -360.570068 -5.835625 0.031159 0.022323 -0.576093 0.816485
51.154653 -35.885422 -361.537720 -5.886187 0.032528 0.021623 -0.576228 0.816355
51.258306 -35.551064 -362.491974 -5.939276 0.032600 0.020392 -0.576331 0.816311
51.361993 -35.212624 -363.450684 -5.988297 0.032497 0.019080 -0.576267 0.816392
51.465681 -34.865692 -364.411407 -6.047666 0.031980 0.019754 -0.576228 0.816424
51.569360 -34.526649 -365.368195 -6.111607 0.032824 0.021037 -0.576246 0.816346
51.673041 -34.191429 -366.319641 -6.157957 0.034961 0.020024 -0.576382 0.816186
51.776721 -33.846828 -367.275482 -6.218237 0.034875 0.018938 -0.576662 0.816019
51.880399 -33.508484 -368.226532 -6.270254 0.034293 0.018608 -0.576957 0.815842
51.984077 -33.167797 -369.181610 -6.331217 0.034689 0.018821 -0.577093 0.815724
52.087780 -32.822430 -370.150604 -6.387547 0.035789 0.019079 -0.576991 0.815743
52.191507 -32.478294 -371.109222 -6.440584 0.037473 0.018629 -0.576883 0.815754
52.295234 -32.147469 -372.059601 -6.498321 0.038594 0.018671 -0.576644 0.815870
52.398982 -31.824718 -373.001282 -6.563134 0.041376 0.017669 -0.576382 0.815941
52.502756 -31.496269 -373.944153 -6.627728 0.044146 0.016548 -0.576137 0.815992
52.606532 -31.171631 -374.889435 -6.679660 0.046596 0.015614 -0.575734 0.816159
52.710309 -30.839748 -375.823242 -6.738653 0.048558 0.015311 -0.575173 0.816446
52.814035 -30.506678 -376.768982 -6.800590 0.050251 0.015012 -0.574604 0.816749
52.917761 -30.173519 -377.694702 -6.864353 0.052717 0.014150 -0.574078 0.816979
53.021512 -29.837646 -378.607422 -6.923960 0.052787 0.014630 -0.573428 0.817423
53.125252 -29.504642 -379.516296 -6.984812 0.054141 0.013764 -0.572765 0.817814
53.228978 -29.180880 -380.408875 -7.048243 0.054763 0.014004 -0.572026 0.818285
53.332667 -28.856384 -381.285156 -7.111947 0.054631 0.015779 -0.571390 0.818707
53.436370 -28.534340 -382.145081 -7.173307 0.055264 0.018135 -0.570846 0.818995
53.540120 -28.211214 -382.978180 -7.246294 0.054618 0.022567 -0.570738 0.819003
53.643876 -27.891317 -383.818909 -7.313511 0.054919 0.025990 -0.570784 0.818849
53.747629 -27.575485 -384.635712 -7.379404 0.053523 0.028634 -0.571083 0.818645
53.851377 -27.269314 -385.430328 -7.452390 0.051578 0.031132 -0.571342 0.818498
53.955126 -26.963039 -386.210358 -7.519323 0.050789 0.031820 -0.571632 0.818318
54.058876 -26.666664 -386.972992 -7.587612 0.048688 0.032843 -0.571923 0.818202
54.162578 -26.379747 -387.727844 -7.660621 0.047201 0.033139 -0.572222 0.818069
54.266257 -26.106867 -388.460114 -7.728357 0.046909 0.032444 -0.572672 0.817798
54.369959 -25.839338 -389.194763 -7.799752 0.047023 0.032190 -0.572979 0.817586
54.473662 -25.575325 -389.914429 -7.859943 0.047318 0.031932 -0.573211 0.817417
54.577365 -25.311634 -390.618347 -7.926048 0.046632 0.032525 -0.574055 0.816840
54.681117 -25.053562 -391.310089 -7.991577 0.045873 0.033368 -0.575591 0.815768
54.784891 -24.798880 -391.987701 -8.056342 0.044947 0.034962 -0.577684 0.814272
54.888689 -24.557701 -392.676117 -8.115695 0.045449 0.035501 -0.580691 0.812079
54.992487 -24.329248 -393.337585 -8.175511 0.044868 0.035256 -0.583562 0.810061
55.096261 -24.112486 -393.998871 -8.226125 0.043236 0.033280 -0.586541 0.808080
55.200059 -23.886782 -394.668610 -8.285021 0.040308 0.032167 -0.590112 0.805673
55.303884 -23.678984 -395.342255 -8.344524 0.038471 0.032329 -0.594239 0.802717
55.407684 -23.463497 -396.035614 -8.394210 0.037311 0.035382 -0.599048 0.799060
55.511458 -23.262228 -396.735657 -8.466284 0.038667 0.038587 -0.603614 0.795403
55.615232 -23.058929 -397.441406 -8.533602 0.040461 0.040769 -0.608104 0.791777
55.718973 -22.889206 -398.143372 -8.605127 0.041486 0.042822 -0.612209 0.788445
55.822701 -22.723301 -398.866852 -8.688002 0.042524 0.042604 -0.616671 0.784916
55.926436 -22.554121 -399.589813 -8.769557 0.042966 0.041161 -0.620775 0.781728
56.030167 -22.398302 -400.305115 -8.842339 0.043227 0.038163 -0.624126 0.779193
56.133897 -22.255806 -401.036224 -8.913145 0.044173 0.034537 -0.627182 0.776852
56.237644 -22.111385 -401.767120 -8.978875 0.046086 0.032417 -0.629568 0.774899
56.341391 -21.959076 -402.513062 -9.023300 0.049148 0.034364 -0.631494 0.773058
56.445142 -21.810238 -403.268982 -9.094196 0.055542 0.038991 -0.632874 0.771275
56.548916 -21.654434 -404.039307 -9.176480 0.059935 0.046263 -0.634263 0.769401
56.652689 -21.508617 -404.803650 -9.303090 0.064443 0.050550 -0.635925 0.767393
56.756464 -21.367886 -405.569061 -9.416455 0.066223 0.050505 -0.638091 0.765443
56.860240 -21.218643 -406.337158 -9.529873 0.065716 0.050037 -0.640362 0.763619
56.964038 -21.079754 -407.115936 -9.645875 0.065091 0.050542 -0.642716 0.761659
57.067812 -20.944761 -407.897430 -9.766658 0.067045 0.052106 -0.644979 0.759468
57.171563 -20.824518 -408.679138 -9.892239 0.070029 0.053005 -0.647148 0.757289
57.275313 -20.712460 -409.480713 -10.017602 0.073307 0.052897 -0.649539 0.754935
57.379042 -20.603407 -410.268799 -10.143704 0.075862 0.051466 -0.651567 0.753031
57.482793 -20.494514 -411.045929 -10.260342 0.075995 0.050527 -0.653985 0.750983
57.586566 -20.387953 -411.822052 -10.385257 0.076416 0.050014 -0.656561 0.748723
57.690318 -20.282772 -412.573181 -10.499232 0.076509 0.050236 -0.659213 0.746365
57.794095 -20.183882 -413.331757 -10.625250 0.076382 0.051110 -0.662472 0.743428
57.897915 -20.108637 -414.093933 -10.747327 0.076722 0.050765 -0.666464 0.739839
58.001739 -20.041075 -414.852112 -10.869861 0.077053 0.050820 -0.670418 0.736220
58.105562 -19.977295 -415.605835 -10.993409 0.077319 0.051411 -0.674300 0.732597
58.209385 -19.924631 -416.333923 -11.112002 0.078726 0.050922 -0.678320 0.728760
58.313184 -19.888994 -417.042938 -11.224656 0.079036 0.049393 -0.682335 0.725074
58.416984 -19.844666 -417.760376 -11.330711 0.078562 0.046237 -0.686853 0.721057
58.520828 -19.797127 -418.468140 -11.429848 0.073575 0.045237 -0.691796 0.716909
58.624698 -19.756851 -419.172974 -11.544893 0.068151 0.045684 -0.697384 0.711986
58.728591 -19.741640 -419.872345 -11.647785 0.065493 0.044859 -0.703819 0.705930
58.832487 -19.759624 -420.572083 -11.745831 0.065050 0.043322 -0.711177 0.698655
58.936361 -19.782061 -421.267181 -11.851355 0.064197 0.041104 -0.718562 0.691272
59.040257 -19.827995 -421.960754 -11.953188 0.063337 0.037328 -0.726157 0.683587
59.144128 -19.885355 -422.659241 -12.043273 0.062153 0.033835 -0.733292 0.676221
59.247974 -19.980196 -423.363281 -12.125314 0.062373 0.030751 -0.740246 0.668730
59.351796 -20.084398 -424.093933 -12.201757 0.063292 0.029891 -0.746573 0.661611
59.455525 -20.195877 -424.835876 -12.285189 0.064808 0.032450 -0.752172 0.654969
59.559228 -20.306376 -425.597595 -12.380077 0.067666 0.036106 -0.756735 0.649207
59.662932 -20.434500 -426.350708 -12.486053 0.071837 0.038160 -0.760245 0.644523
59.766610 -20.563913 -427.101196 -12.595837 0.074279 0.039752 -0.763062 0.640811
59.870312 -20.699341 -427.867859 -12.706746 0.074258 0.041479 -0.765619 0.637646
59.974035 -20.834209 -428.625702 -12.817776 0.074316 0.043913 -0.767908 0.634717
60.077760 -20.976255 -429.386047 -12.936176 0.075906 0.045806 -0.770063 0.631778
60.181513 -21.119106 -430.137146 -13.068222 0.073997 0.048538 -0.772148 0.629250
60.285288 -21.249231 -430.865265 -13.198042 0.064865 0.049745 -0.774680 0.627047
60.389038 -21.394981 -431.595978 -13.313373 0.055956 0.046138 -0.776985 0.625327
60.492788 -21.563076 -432.340363 -13.399204 0.051599 0.041319 -0.778744 0.623850
60.596540 -21.722099 -433.111755 -13.471045 0.050393 0.044196 -0.779478 0.622834
60.700220 -21.875458 -433.892365 -13.576261 0.051802 0.051309 -0.778761 0.623069
60.803875 -22.036398 -434.648712 -13.708417 0.052188 0.052081 -0.778195 0.623680
60.907577 -22.201496 -435.399780 -13.815806 0.044730 0.048990 -0.778042 0.624700
61.011279 -22.371666 -436.129364 -13.895479 0.034903 0.041370 -0.777650 0.626363
61.114959 -22.527239 -436.880951 -13.953528 0.027191 0.037553 -0.775972 0.629061
61.218661 -22.668106 -437.630310 -13.989391 0.027070 0.039536 -0.774394 0.630886
61.322411 -22.807880 -438.384308 -14.052046 0.030605 0.045509 -0.773360 0.631591
61.426170 -22.939034 -439.104187 -14.130667 0.032539 0.047586 -0.772505 0.632386
61.529897 -23.096050 -439.816772 -14.208948 0.032854 0.043788 -0.772001 0.633259
61.633617 -23.242895 -440.503906 -14.265535 0.030149 0.039188 -0.771508 0.634296
61.737347 -23.389036 -441.188843 -14.310826 0.029116 0.036107 -0.770902 0.635263
61.841096 -23.521381 -441.871613 -14.360100 0.029052 0.034403 -0.770263 0.636135
61.944870 -23.654648 -442.535461 -14.409013 0.028948 0.031377 -0.770612 0.635873
62.048646 -23.780350 -443.195587 -14.449589 0.026822 0.029467 -0.770981 0.635610
62.152416 -23.896904 -443.853973 -14.488195 0.024375 0.029068 -0.771375 0.635249
62.256217 -24.014570 -444.516815 -14.524883 0.021579 0.029926 -0.772146 0.634374
62.360089 -24.108778 -445.159393 -14.557804 0.019041 0.031767 -0.774288 0.631748
62.464031 -24.225151 -445.779999 -14.588513 0.017091 0.033138 -0.778574 0.626444
62.567997 -24.367958 -446.407501 -14.623118 0.015580 0.033722 -0.783882 0.619798
62.671963 -24.514109 -447.018433 -14.654827 0.015741 0.032840 -0.789824 0.612251
62.775908 -24.688169 -447.634857 -14.688125 0.016750 0.031949 -0.795472 0.604916
62.879804 -24.867176 -448.207031 -14.710681 0.017246 0.030873 -0.800662 0.598072
62.983699 -25.048048 -448.772766 -14.734217 0.017841 0.029297 -0.806084 0.590807
63.087593 -25.222589 -449.308228 -14.755273 0.017898 0.029141 -0.811186 0.583787
63.191487 -25.408382 -449.826538 -14.771906 0.017865 0.030499 -0.816472 0.576303
63.295404 -25.583206 -450.309296 -14.803552 0.017744 0.032018 -0.821924 0.568420
63.399301 -25.788986 -450.764038 -14.829960 0.017625 0.031320 -0.827260 0.560668
63.503147 -25.975702 -451.180817 -14.860813 0.016611 0.028207 -0.832099 0.553661
63.606969 -26.166559 -451.575195 -14.871685 0.014441 0.023190 -0.836679 0.547012
63.710770 -26.351446 -451.938782 -14.882035 0.011618 0.018269 -0.840800 0.540912
63.814545 -26.526104 -452.291351 -14.878261 0.008278 0.015988 -0.844252 0.535644
63.918297 -26.681911 -452.628357 -14.887968 0.004920 0.015437 -0.847158 0.531093
64.022046 -26.843851 -452.944916 -14.900065 0.003667 0.014086 -0.849785 0.526928
64.125772 -27.009796 -453.247498 -14.906380 0.004069 0.012082 -0.851991 0.523402
64.229475 -27.175360 -453.530884 -14.910162 0.006688 0.008682 -0.853710 0.520634
64.333178 -27.334513 -453.800629 -14.892441 0.009437 0.006065 -0.855234 0.518120
64.436855 -27.458553 -454.056061 -14.887311 0.009584 0.007625 -0.856565 0.515895
64.540509 -27.585630 -454.295166 -14.875363 0.008462 0.010793 -0.857680 0.514001
64.644164 -27.688240 -454.520721 -14.885616 0.007795 0.013857 -0.858628 0.512353
64.747819 -27.794409 -454.725433 -14.902011 0.007776 0.015114 -0.859410 0.511004
64.851474 -27.897741 -454.899506 -14.913193 0.007862 0.013952 -0.860075 0.509916
64.955153 -27.989162 -455.053558 -14.913202 0.008331 0.011536 -0.860575 0.509125
65.058831 -28.075794 -455.197327 -14.911491 0.008883 0.009479 -0.860851 0.508692
65.162485 -28.150858 -455.332703 -14.906890 0.007919 0.008274 -0.860655 0.509060
65.266140 -28.224360 -455.470947 -14.898808 0.006659 0.008487 -0.860222 0.509805
65.369844 -28.301912 -455.608521 -14.912097 0.007986 0.007250 -0.859507 0.511011
65.473522 -28.397783 -455.752502 -14.912862 0.011676 0.004762 -0.858360 0.512893
65.577199 -28.479336 -455.882019 -14.921538 0.013779 0.003097 -0.857058 0.515027
65.680951 -28.545443 -456.010468 -14.912439 0.013576 0.001810 -0.856011 0.516776
65.784679 -28.600912 -456.147095 -14.903370 0.012106 0.002593 -0.855014 0.518458
65.888381 -28.660147 -456.285187 -14.901723 0.010638 0.003577 -0.853725 0.520604
65.992084 -28.723614 -456.421478 -14.907221 0.009240 0.003973 -0.852313 0.522936
66.095762 -28.789644 -456.570374 -14.909662 0.009061 0.003698 -0.850693 0.525572
66.199464 -28.867054 -456.730927 -14.909286 0.009033 0.003830 -0.849039 0.528239
66.303143 -28.943598 -456.918732 -14.893387 0.008202 0.006768 -0.847103 0.531322
66.406800 -29.023649 -457.128662 -14.901739 0.007003 0.010872 -0.844625 0.535203
66.510503 -29.100874 -457.332275 -14.923041 0.006682 0.013126 -0.842081 0.539150
66.614206 -29.205839 -457.552673 -14.935992 0.008479 0.012189 -0.839443 0.543245
66.717884 -29.311478 -457.786255 -14.944058 0.011194 0.009495 -0.836331 0.548028
66.821564 -29.425650 -458.022217 -14.927125 0.012563 0.008354 -0.833074 0.552955
66.925243 -29.526463 -458.276947 -14.953253 0.013756 0.006326 -0.828774 0.559379
67.028898 -29.625376 -458.534241 -14.943543 0.014122 0.005215 -0.824165 0.566149
67.132528 -29.716496 -458.804321 -14.952794 0.014828 0.004881 -0.818963 0.573633
67.236157 -29.803951 -459.088379 -14.949271 0.014983 0.004629 -0.812821 0.582303
67.339810 -29.883848 -459.370422 -14.957974 0.014918 0.004128 -0.806445 0.591107
67.443465 -29.957579 -459.676147 -14.952884 0.013622 0.004018 -0.799764 0.600146
67.547160 -30.012577 -459.990356 -14.963780 0.010921 0.005139 -0.792834 0.609318
67.650838 -30.073406 -460.322174 -14.966795 0.007901 0.005848 -0.785514 0.618766
67.754500 -30.132988 -460.660522 -14.993682 0.007234 0.006282 -0.777380 0.628958
67.858204 -30.191282 -461.009399 -14.996878 0.008404 0.004996 -0.769202 0.638931
67.961859 -30.240761 -461.389069 -14.996819 0.009492 0.004058 -0.761002 0.648668
68.065514 -30.278526 -461.770905 -14.995745 0.009796 0.003954 -0.752334 0.658697
68.169169 -30.307085 -462.162201 -14.999544 0.009760 0.004029 -0.743547 0.668601
68.272825 -30.326328 -462.579132 -15.009143 0.009530 0.004065 -0.734741 0.678269
68.376504 -30.337278 -463.002014 -15.017396 0.009626 0.003276 -0.725941 0.687682
68.480182 -30.337185 -463.448090 -15.018812 0.009792 0.002723 -0.717546 0.696437
68.583884 -30.330433 -463.908752 -15.024449 0.010380 0.002135 -0.709727 0.704397
68.687634 -30.315496 -464.392120 -15.027706 0.010695 0.001840 -0.702371 0.711729
68.791409 -30.285206 -464.898224 -15.032665 0.010891 0.001383 -0.695464 0.718477
68.895161 -30.249165 -465.415253 -15.042789 0.010735 0.001060 -0.688700 0.724966
68.998911 -30.207348 -465.949951 -15.050638 0.011217 0.000074 -0.682026 0.731242
69.102660 -30.157879 -466.509094 -15.056307 0.012603 -0.001339 -0.675085 0.737631
69.206388 -30.099463 -467.079315 -15.064432 0.013745 -0.002974 -0.668022 0.744009
69.310141 -30.024879 -467.658813 -15.062948 0.014732 -0.004382 -0.660949 0.750273
69.413891 -29.930576 -468.247528 -15.060061 0.014983 -0.004990 -0.654304 0.756066
69.517617 -29.827185 -468.854065 -15.064050 0.014564 -0.005396 -0.648205 0.761307
69.621391 -29.696310 -469.478333 -15.059321 0.013743 -0.005078 -0.642651 0.766019
69.725191 -29.561640 -470.117676 -15.061534 0.013656 -0.004283 -0.637584 0.770248
69.828989 -29.416405 -470.764679 -15.062892 0.014004 -0.003588 -0.633342 0.773737
69.932810 -29.270786 -471.427704 -15.067066 0.014311 -0.002309 -0.629934 0.776513
70.036634 -29.116941 -472.110321 -15.069871 0.014952 -0.001499 -0.627162 0.778744
70.140457 -28.953249 -472.804291 -15.072473 0.014842 -0.001159 -0.625074 0.780423
70.244304 -28.781490 -473.514832 -15.081874 0.014647 -0.000609 -0.623478 0.781704
70.348153 -28.603889 -474.244873 -15.092556 0.014521 -0.000341 -0.622110 0.782795
70.451950 -28.422445 -474.991302 -15.101778 0.013995 -0.000377 -0.620925 0.783745
70.555722 -28.236221 -475.748383 -15.115635 0.014433 -0.001129 -0.619679 0.784722
70.659498 -28.052616 -476.521576 -15.124665 0.014735 -0.002186 -0.618531 0.785620
70.763250 -27.865633 -477.304260 -15.127138 0.014487 -0.002960 -0.617515 0.786420
70.867001 -27.665180 -478.104187 -15.136803 0.014460 -0.003744 -0.616360 0.787323
70.970776 -27.466702 -478.915985 -15.137892 0.014171 -0.004600 -0.615302 0.788151
71.074551 -27.255404 -479.729156 -15.142524 0.014831 -0.005727 -0.614370 0.788858
71.178299 -27.048332 -480.561890 -15.138282 0.015669 -0.006685 -0.613550 0.789472
71.282025 -26.828800 -481.399750 -15.141823 0.016097 -0.007440 -0.612679 0.790133
71.385755 -26.612684 -482.236145 -15.137016 0.015561 -0.008356 -0.612063 0.790612
71.489506 -26.389879 -483.096832 -15.135427 0.014812 -0.009835 -0.611634 0.790941
71.593280 -26.168850 -483.958160 -15.127706 0.013845 -0.010577 -0.611552 0.791012
71.697055 -25.926628 -484.852905 -15.127833 0.012805 -0.009161 -0.611259 0.791274
71.800831 -25.684528 -485.761078 -15.121571 0.013540 -0.007923 -0.611212 0.791312
71.904607 -25.437826 -486.671600 -15.125326 0.014478 -0.007150 -0.610954 0.791502
72.008357 -25.201525 -487.583313 -15.121604 0.015397 -0.008152 -0.610725 0.791651
72.112092 -24.955290 -488.515839 -15.120841 0.016174 -0.009390 -0.610338 0.791920
72.215842 -24.711325 -489.458344 -15.112833 0.016926 -0.010275 -0.610030 0.792131
72.319608 -24.451509 -490.407318 -15.115949 0.017616 -0.010592 -0.609705 0.792362
72.423383 -24.203569 -491.371735 -15.111663 0.018172 -0.010952 -0.609364 0.792607
72.527135 -23.938200 -492.346680 -15.106752 0.018627 -0.011102 -0.609051 0.792835
72.630862 -23.670656 -493.324615 -15.100640 0.018279 -0.011136 -0.608706 0.793107
72.734592 -23.400139 -494.315979 -15.097248 0.017846 -0.011317 -0.608430 0.793326
72.838293 -23.117170 -495.321747 -15.098574 0.017256 -0.010743 -0.608197 0.793526
72.942015 -22.847828 -496.332458 -15.088647 0.017899 -0.010423 -0.608323 0.793419
73.045768 -22.564455 -497.356384 -15.082305 0.016569 -0.008730 -0.608785 0.793114
73.149543 -22.281631 -498.381531 -15.084829 0.015028 -0.008361 -0.609755 0.792403
73.253364 -21.996416 -499.404419 -15.074070 0.013290 -0.008474 -0.611428 0.791143
73.357210 -21.720005 -500.435760 -15.063634 0.010868 -0.007655 -0.614245 0.789004
73.461087 -21.441149 -501.475342 -15.054314 0.007923 -0.006386 -0.618135 0.786006
73.564983 -21.182232 -502.531372 -15.039818 0.005601 -0.005372 -0.623149 0.782065
73.668872 -20.931866 -503.582581 -15.032666 0.004360 -0.004202 -0.629035 0.777354
73.772767 -20.710554 -504.652557 -15.020958 0.004443 -0.002544 -0.635487 0.772095
73.876685 -20.499969 -505.716309 -15.017776 0.004872 -0.000175 -0.642196 0.766525
73.980581 -20.314249 -506.790741 -15.010718 0.004292 0.001184 -0.648992 0.760782
74.084452 -20.150173 -507.868591 -15.002686 0.003399 0.000789 -0.656040 0.754718
74.188325 -19.992931 -508.936157 -14.995500 0.001484 0.000418 -0.663411 0.748254
74.292195 -19.864481 -510.019867 -14.981668 0.000939 0.000653 -0.671123 0.741345
74.396065 -19.755867 -511.111877 -14.981547 0.001267 0.001983 -0.679200 0.733949
74.499937 -19.682293 -512.212341 -14.980589 0.002127 0.002319 -0.687787 0.725906
74.603807 -19.632706 -513.305847 -14.962567 0.000945 0.001628 -0.696764 0.717298
74.707678 -19.593693 -514.398132 -14.964605 -0.002451 0.001075 -0.706208 0.708000
74.811548 -19.605955 -515.495422 -14.928202 -0.004029 -0.000006 -0.715771 0.698323
74.915416 -19.633793 -516.587708 -14.921062 -0.008127 0.001430 -0.725858 0.687795
75.019311 -19.716219 -517.685913 -14.898457 -0.008659 -0.000237 -0.736450 0.676437
75.123182 -19.810644 -518.796997 -14.867655 -0.010944 0.001136 -0.746502 0.665293
75.227006 -19.961178 -519.907166 -14.854919 -0.011920 -0.000598 -0.756129 0.654314
75.330805 -20.139263 -520.992432 -14.815867 -0.013151 -0.002910 -0.765164 0.643695
75.434554 -20.358727 -522.095764 -14.781512 -0.013630 -0.004918 -0.773495 0.633636
75.538280 -20.598198 -523.194275 -14.731370 -0.013185 -0.005760 -0.781068 0.624281
75.641988 -20.855612 -524.282532 -14.682554 -0.012836 -0.006144 -0.788143 0.615327
75.745669 -21.133202 -525.370544 -14.636229 -0.014044 -0.006046 -0.794934 0.606503
75.849345 -21.435234 -526.444702 -14.597991 -0.015278 -0.006598 -0.801529 0.597725
75.952999 -21.776684 -527.516357 -14.553169 -0.015340 -0.006615 -0.807830 0.589179
76.056630 -22.135660 -528.606628 -14.517039 -0.013313 -0.006634 -0.813149 0.581866
76.160238 -22.515629 -529.706787 -14.472524 -0.011205 -0.008490 -0.817052 0.576393
76.263820 -22.912529 -530.790894 -14.425170 -0.010095 -0.012000 -0.819836 0.572384
76.367401 -23.311943 -531.863831 -14.366826 -0.010300 -0.013868 -0.821726 0.569621
76.470984 -23.705597 -532.928955 -14.316370 -0.010669 -0.013565 -0.823014 0.567759
76.574591 -24.104729 -533.996887 -14.267973 -0.011061 -0.013115 -0.824050 0.566258
76.678222 -24.511824 -535.071167 -14.220886 -0.011682 -0.013665 -0.824916 0.564969
76.781877 -24.932606 -536.154419 -14.169514 -0.012492 -0.015186 -0.825903 0.563469
76.885554 -25.367189 -537.230286 -14.121164 -0.013217 -0.016198 -0.826879 0.561992
76.989256 -25.803179 -538.329285 -14.059547 -0.012976 -0.015919 -0.827836 0.560595
77.092959 -26.239479 -539.435791 -14.013575 -0.012032 -0.014461 -0.828596 0.559531
77.196614 -26.679516 -540.547058 -13.969620 -0.010740 -0.013325 -0.829237 0.558636
77.300268 -27.123020 -541.672119 -13.913420 -0.010923 -0.013474 -0.829562 0.558146
77.403923 -27.579468 -542.802673 -13.862910 -0.012281 -0.015052 -0.829652 0.557943
77.507580 -28.034321 -543.935974 -13.815500 -0.014020 -0.015259 -0.829581 0.558001
77.611282 -28.491362 -545.067505 -13.757772 -0.013726 -0.015864 -0.829558 0.558026
77.715009 -28.950087 -546.216187 -13.693998 -0.013722 -0.015571 -0.829531 0.558075
77.818712 -29.409920 -547.375854 -13.635187 -0.014297 -0.014911 -0.829516 0.558101
77.922415 -29.868101 -548.530640 -13.577331 -0.015634 -0.013839 -0.829696 0.557825
78.026116 -30.348530 -549.700073 -13.523467 -0.015142 -0.013211 -0.830290 0.556969
78.129796 -30.827768 -550.876343 -13.460344 -0.014995 -0.012692 -0.831016 0.555902
78.233476 -31.317516 -552.056824 -13.406618 -0.014604 -0.013626 -0.831586 0.555036
78.337178 -31.805569 -553.240051 -13.338205 -0.015085 -0.013590 -0.832206 0.554095
78.440904 -32.291225 -554.432739 -13.284473 -0.014970 -0.013093 -0.833037 0.552860
78.544605 -32.796673 -555.634583 -13.217933 -0.014821 -0.012884 -0.834011 0.551398
78.648307 -33.297195 -556.849365 -13.159219 -0.014792 -0.011978 -0.835024 0.549884
78.752011 -33.823086 -558.069824 -13.101191 -0.014519 -0.011415 -0.836022 0.548385
78.855716 -34.355732 -559.294067 -13.044523 -0.014389 -0.011202 -0.836951 0.546974
78.959420 -34.878208 -560.513123 -12.990555 -0.014905 -0.011069 -0.837745 0.545746
79.063121 -35.416584 -561.750671 -12.929598 -0.015002 -0.010970 -0.838587 0.544451
79.166821 -35.972691 -562.990051 -12.871939 -0.014766 -0.011538 -0.839312 0.543327
79.270525 -36.516689 -564.225647 -12.807711 -0.014899 -0.011947 -0.840079 0.542128
79.374276 -37.079342 -565.480286 -12.746306 -0.015219 -0.011880 -0.840888 0.540865
79.478051 -37.647148 -566.733704 -12.681772 -0.015433 -0.011330 -0.841738 0.539547
79.581800 -38.223564 -567.991211 -12.625275 -0.015318 -0.011085 -0.842683 0.538078
79.685524 -38.812542 -569.258789 -12.558849 -0.015335 -0.010761 -0.843757 0.536398
79.789230 -39.400471 -570.532288 -12.500454 -0.014920 -0.011181 -0.844877 0.534635
79.892938 -40.005417 -571.807556 -12.440653 -0.015047 -0.011316 -0.845805 0.533160
79.996640 -40.622482 -573.103821 -12.376289 -0.015196 -0.011537 -0.846500 0.532048
80.100340 -41.242653 -574.406982 -12.307375 -0.015512 -0.011484 -0.847114 0.531061
80.204041 -41.863682 -575.700928 -12.240527 -0.015609 -0.011360 -0.847605 0.530276
80.307721 -42.481449 -576.991333 -12.174821 -0.015385 -0.011500 -0.848077 0.529525
80.411401 -43.122265 -578.305115 -12.113728 -0.014970 -0.011898 -0.848421 0.528976
80.515080 -43.771683 -579.628540 -12.045773 -0.014752 -0.012752 -0.848727 0.528472
80.618758 -44.420811 -580.954346 -11.975655 -0.014863 -0.012835 -0.849083 0.527895
80.722413 -45.063522 -582.282471 -11.913263 -0.013894 -0.013175 -0.849345 0.527490
80.826068 -45.717720 -583.611633 -11.841475 -0.013987 -0.013122 -0.849595 0.527088
80.929771 -46.370243 -584.948730 -11.777046 -0.014240 -0.012256 -0.849854 0.526683
81.033472 -47.027390 -586.289001 -11.714071 -0.013711 -0.011454 -0.850191 0.526172
81.137150 -47.705051 -587.642090 -11.653923 -0.012840 -0.011160 -0.850445 0.525789
81.240853 -48.378159 -588.997620 -11.592794 -0.012261 -0.011967 -0.850634 0.525480
81.344556 -49.056519 -590.369873 -11.525555 -0.012698 -0.012481 -0.850706 0.525341
81.448259 -49.727604 -591.718262 -11.461777 -0.012763 -0.012817 -0.850740 0.525275
81.551960 -50.403221 -593.080994 -11.389557 -0.013168 -0.012186 -0.850817 0.525156
81.655640 -51.081276 -594.432678 -11.326823 -0.012715 -0.012584 -0.850823 0.525147
81.759321 -51.751030 -595.773132 -11.260112 -0.012726 -0.013110 -0.850716 0.525308
81.862998 -52.421307 -597.129211 -11.189508 -0.013346 -0.013690 -0.850604 0.525459
81.966700 -53.102497 -598.496338 -11.119610 -0.013158 -0.014999 -0.850370 0.525807
82.070429 -53.779625 -599.851929 -11.043856 -0.012830 -0.015218 -0.849950 0.526488
82.174132 -54.447422 -601.205261 -10.978809 -0.011367 -0.015775 -0.849467 0.527284
82.277835 -55.119030 -602.567993 -10.906947 -0.010138 -0.016545 -0.848927 0.528154
82.381562 -55.781086 -603.926392 -10.834889 -0.010126 -0.016158 -0.848628 0.528647
82.485289 -56.442284 -605.279175 -10.768796 -0.009677 -0.016322 -0.848443 0.528946
82.589014 -57.097195 -606.637329 -10.699530 -0.009752 -0.016529 -0.848175 0.529369
82.692717 -57.754276 -607.992798 -10.629450 -0.010039 -0.016089 -0.848055 0.529569
82.796394 -58.416977 -609.358521 -10.559399 -0.010028 -0.015841 -0.847817 0.529957
82.900049 -59.070915 -610.725708 -10.485703 -0.010337 -0.015365 -0.847663 0.530211
83.003705 -59.712887 -612.074463 -10.423521 -0.010618 -0.014448 -0.847533 0.530439
83.107383 -60.376606 -613.445496 -10.360586 -0.009886 -0.014547 -0.847472 0.530549
83.211086 -61.038914 -614.808472 -10.297495 -0.008519 -0.014926 -0.847282 0.530866
83.314789 -61.700096 -616.152710 -10.239733 -0.005901 -0.018339 -0.847114 0.531062
83.418467 -62.347328 -617.504028 -10.169338 -0.005816 -0.019868 -0.846768 0.531560
83.522147 -62.993080 -618.853271 -10.101023 -0.007039 -0.020413 -0.846650 0.531712
83.625825 -63.637394 -620.220520 -10.029678 -0.008240 -0.018884 -0.846558 0.531898
83.729504 -64.278160 -621.579834 -9.964888 -0.008588 -0.017102 -0.846352 0.532280
83.833208 -64.928261 -622.945374 -9.904497 -0.008325 -0.016957 -0.846054 0.532763
83.936910 -65.569603 -624.304138 -9.839617 -0.008747 -0.016316 -0.845791 0.533193
84.040613 -66.212372 -625.666870 -9.774534 -0.009412 -0.015449 -0.845561 0.533572
84.144316 -66.853752 -627.040833 -9.709809 -0.009719 -0.014541 -0.845414 0.533826
84.247996 -67.485153 -628.388733 -9.651252 -0.009210 -0.014073 -0.845366 0.533923
84.351651 -68.128754 -629.739685 -9.584049 -0.008839 -0.014998 -0.845387 0.533870
84.455305 -68.773354 -631.102844 -9.523865 -0.008901 -0.015512 -0.845429 0.533789
84.558990 -69.419777 -632.466797 -9.457615 -0.008107 -0.016259 -0.845354 0.533897
84.662644 -70.058174 -633.811279 -9.395044 -0.007195 -0.016278 -0.845089 0.534329
84.766291 -70.690071 -635.157959 -9.331295 -0.007274 -0.017381 -0.844554 0.535139
84.869969 -71.314690 -636.500549 -9.257365 -0.009050 -0.017367 -0.844202 0.535668
84.973628 -71.942123 -637.841919 -9.189266 -0.010232 -0.015113 -0.843987 0.536054
85.077308 -72.541145 -639.161682 -9.122692 -0.010556 -0.013250 -0.843638 0.536645
85.181009 -73.155373 -640.479980 -9.057156 -0.009814 -0.012351 -0.843361 0.537117
85.284686 -73.763016 -641.793701 -8.993225 -0.008271 -0.012419 -0.843288 0.537255
85.388364 -74.373596 -643.102173 -8.936115 -0.007052 -0.012805 -0.843266 0.537298
85.492068 -74.970123 -644.395508 -8.873995 -0.006555 -0.013500 -0.843243 0.537323
85.595771 -75.561584 -645.681091 -8.811530 -0.007137 -0.013240 -0.843442 0.537009
85.699451 -76.154282 -646.961670 -8.754757 -0.007194 -0.012623 -0.843757 0.536529
85.803131 -76.747086 -648.231995 -8.698591 -0.007247 -0.012019 -0.843925 0.536278
85.906809 -77.322990 -649.487610 -8.638830 -0.007614 -0.011304 -0.844071 0.536058
86.010486 -77.903084 -650.731567 -8.578460 -0.007385 -0.010577 -0.844304 0.535710
86.114163 -78.470703 -651.943176 -8.523527 -0.006597 -0.009108 -0.844530 0.535390
86.217846 -79.033470 -653.141724 -8.474468 -0.005215 -0.008336 -0.844769 0.535040
86.321549 -79.574249 -654.309448 -8.428745 -0.005118 -0.009298 -0.844866 0.534872
86.425272 -80.106552 -655.440369 -8.369461 -0.006521 -0.010848 -0.845020 0.534586
86.528975 -80.630814 -656.558228 -8.315804 -0.007157 -0.010814 -0.845112 0.534432
86.632659 -81.145485 -657.649109 -8.261282 -0.006027 -0.010705 -0.845010 0.534609
86.736344 -81.631065 -658.709229 -8.216036 -0.004756 -0.010485 -0.844663 0.535175
86.840018 -82.112976 -659.731384 -8.160673 -0.004429 -0.010239 -0.844260 0.535818
86.943669 -82.581772 -660.736816 -8.118959 -0.004384 -0.009142 -0.843749 0.536642
87.047322 -83.030121 -661.709839 -8.077276 -0.003101 -0.008825 -0.843080 0.537708
87.151027 -83.461029 -662.645325 -8.039562 -0.001527 -0.007990 -0.842523 0.538599
87.254755 -83.862541 -663.532593 -8.006830 -0.001162 -0.007067 -0.842169 0.539167
87.358468 -84.251617 -664.386841 -7.965745 -0.001019 -0.007898 -0.842014 0.539396
87.462170 -84.622612 -665.207031 -7.937014 -0.001741 -0.008544 -0.841805 0.539712
87.565883 -84.975754 -665.987671 -7.901110 -0.001968 -0.008609 -0.841714 0.539851
87.669611 -85.303116 -666.731934 -7.861176 -0.002583 -0.007558 -0.841722 0.539852
87.773386 -85.618233 -667.427856 -7.836100 -0.003554 -0.006213 -0.842420 0.538773
87.877232 -85.907455 -668.089111 -7.802597 -0.004593 -0.004546 -0.844776 0.535082
87.981174 -86.182259 -668.697388 -7.774702 -0.005779 -0.002778 -0.849114 0.528170
88.085226 -86.456871 -669.285767 -7.753073 -0.007229 -0.000964 -0.855271 0.518130
88.189312 -86.753975 -669.830322 -7.734686 -0.008371 -0.000645 -0.862703 0.505641
88.293410 -87.074989 -670.352966 -7.717415 0.009462 0.001253 0.870959 -0.491263
88.397571 -87.397781 -670.834961 -7.691355 0.009673 0.002378 0.880356 -0.474209
88.501802 -87.725098 -671.307556 -7.669901 0.009740 0.001794 0.890926 -0.454041
88.606055 -88.087646 -671.757874 -7.649200 0.009530 0.000884 0.902024 -0.431579
88.710309 -88.468590 -672.188354 -7.628578 0.008971 -0.000471 0.913136 -0.407556
88.814564 -88.857384 -672.579041 -7.620663 0.008415 -0.001474 0.924202 -0.381807
88.918819 -89.261513 -672.935913 -7.609829 0.009069 -0.001765 0.935211 -0.353970
89.023073 -89.684074 -673.268127 -7.583279 0.010175 -0.001812 0.945865 -0.324396
89.127303 -90.115845 -673.554749 -7.567856 0.012120 -0.002547 0.955818 -0.293699
89.231485 -90.575203 -673.814392 -7.557576 0.014286 -0.002516 0.964867 -0.262337
89.335621 -91.037544 -674.022949 -7.561947 0.015663 0.000192 0.972779 -0.231204
89.439708 -91.517906 -674.197327 -7.514372 0.015399 0.003055 0.979709 -0.199808
89.543771 -91.992332 -674.353088 -7.482973 0.015285 0.002544 0.985628 -0.168220
89.647789 -92.490646 -674.479858 -7.463923 0.015396 0.001199 0.990517 -0.136520
89.751756 -92.987793 -674.574463 -7.459820 0.015555 0.000938 0.994371 -0.104798
89.855722 -93.498932 -674.627869 -7.439213 0.015864 0.002850 0.997210 -0.072892
89.959664 -94.000717 -674.643555 -7.416226 0.017908 0.005214 0.998981 -0.041107
90.063584 -94.501709 -674.642090 -7.388769 0.021673 0.005209 0.999714 -0.008708
90.167502 -95.021263 -674.613464 -7.360683 0.025298 0.003920 0.999376 0.024316
90.271396 -95.548943 -674.534668 -7.345566 0.027547 0.003224 0.998008 0.056656
90.375242 -96.081764 -674.428101 -7.305931 0.026962 0.002224 0.995678 0.088849
90.479090 -96.603928 -674.284241 -7.282093 0.026866 0.002264 0.992221 0.121533
90.582962 -97.126625 -674.106323 -7.243202 0.028445 0.001849 0.987569 0.154578
90.686808 -97.636971 -673.889343 -7.215597 0.031530 0.001345 0.981777 0.187399
90.790607 -98.148796 -673.629944 -7.172468 0.034398 0.000177 0.974844 0.220218
90.894358 -98.658440 -673.330566 -7.138185 0.037506 -0.000745 0.966831 0.252648
90.998082 -99.161552 -672.992493 -7.105367 0.039636 -0.001451 0.958134 0.283560
91.101760 -99.660805 -672.609314 -7.059539 0.040787 -0.000724 0.948876 0.313003
91.205391 -100.142159 -672.196777 -7.003579 0.041703 -0.000805 0.939379 0.340334
91.308999 -100.620575 -671.744507 -6.953687 0.043022 -0.000486 0.929937 0.365192
91.412582 -101.079773 -671.253235 -6.896824 0.044834 -0.000189 0.920720 0.387640
91.516141 -101.531250 -670.730652 -6.843151 0.047080 -0.000144 0.912001 0.407477
91.619652 -101.975426 -670.185425 -6.791221 0.048288 -0.000198 0.904465 0.423806
91.723139 -102.414185 -669.621643 -6.727841 0.047538 -0.000031 0.897849 0.437730
91.826649 -102.842850 -669.031311 -6.657154 0.045036 -0.000179 0.892352 0.449088
91.930160 -103.285522 -668.426514 -6.585168 0.042111 -0.001565 0.887389 0.459091
92.033694 -103.712883 -667.809143 -6.524585 0.040228 -0.003038 0.882745 0.468117
92.137279 -104.130554 -667.179077 -6.465880 0.038415 -0.003817 0.878164 0.476800
92.240910 -104.549347 -666.539429 -6.400070 0.035653 -0.005328 0.873389 0.485687
92.344587 -104.971970 -665.874512 -6.334142 0.031880 -0.008752 0.868269 0.494991
92.448288 -105.381783 -665.195679 -6.275585 0.027944 -0.011979 0.862942 0.504387
92.552017 -105.768723 -664.509216 -6.226808 0.024900 -0.012414 0.857254 0.514142
92.655769 -106.153809 -663.794983 -6.165678 0.019274 -0.015076 0.851070 0.524482
92.759518 -106.514107 -663.070618 -6.115933 0.014340 -0.017345 0.844465 0.535138
92.863269 -106.865715 -662.340088 -6.078330 0.011859 -0.019115 0.837463 0.546031
92.967018 -107.177795 -661.593506 -6.035391 0.010667 -0.019299 0.830090 0.557193
93.070746 -107.474525 -660.835083 -6.001292 0.009763 -0.018610 0.822467 0.568424
93.174474 -107.747993 -660.063904 -5.958735 0.007639 -0.017552 0.814763 0.579479
93.278176 -108.004272 -659.272705 -5.924706 0.006346 -0.015241 0.807481 0.589662
93.381853 -108.223915 -658.466919 -5.890665 0.005651 -0.012835 0.801051 0.598431
93.485509 -108.432899 -657.646240 -5.853642 0.004632 -0.011054 0.795996 0.605183
93.589115 -108.648773 -656.811768 -5.822568 0.002649 -0.010559 0.792614 0.609627
93.692720 -108.864738 -655.956970 -5.791128 -0.000352 -0.009966 0.790600 0.612252
93.796329 -109.083038 -655.104309 -5.766259 -0.003439 -0.009513 0.789649 0.613476
93.899937 -109.316994 -654.252014 -5.765552 -0.006553 -0.011040 0.789235 0.613957
94.003567 -109.537750 -653.390869 -5.764303 -0.006657 -0.012480 0.789479 0.613614
94.107221 -109.773079 -652.519287 -5.756775 -0.004455 -0.014640 0.790304 0.612524
94.210877 -109.997917 -651.647949 -5.739656 -0.001811 -0.017673 0.791677 0.610682
94.314531 -110.238678 -650.773010 -5.709351 -0.000937 -0.020840 0.793346 0.608413
94.418209 -110.481216 -649.869812 -5.665785 -0.001584 -0.022723 0.794930 0.606273
94.521887 -110.755806 -648.957703 -5.636178 -0.003376 -0.023700 0.796503 0.604160
94.625590 -111.023712 -648.054749 -5.610190 -0.001484 -0.022002 0.797788 0.602535
94.729343 -111.301933 -647.145508 -5.581267 0.000919 -0.022891 0.798499 0.601560
94.833093 -111.574539 -646.221375 -5.533993 0.001385 -0.026161 0.798298 0.601693
94.936845 -111.858932 -645.269348 -5.497757 -0.000977 -0.029759 0.798393 0.601399
95.040596 -112.140289 -644.322388 -5.447959 -0.002117 -0.031067 0.798800 0.600791
95.144324 -112.419380 -643.354309 -5.414220 -0.003715 -0.030978 0.799223 0.600224
95.248027 -112.707840 -642.379028 -5.360689 -0.004817 -0.029755 0.799633 0.599733
95.351705 -113.002716 -641.408691 -5.333858 -0.005548 -0.027859 0.800473 0.598695
95.455382 -113.290680 -640.434387 -5.296405 -0.004178 -0.025332 0.801549 0.597377
95.559084 -113.578407 -639.470032 -5.252055 -0.003540 -0.024151 0.802574 0.596053
95.662785 -113.877098 -638.514832 -5.217222 -0.003773 -0.023531 0.803870 0.594327
95.766465 -114.174187 -637.553345 -5.192367 -0.002193 -0.020261 0.805241 0.592598
95.870168 -114.477333 -636.609314 -5.154291 -0.001467 -0.019584 0.806684 0.590657
95.973894 -114.800690 -635.650574 -5.112787 -0.000628 -0.019970 0.807875 0.589016
96.077621 -115.110443 -634.714539 -5.073154 -0.001608 -0.021771 0.808790 0.587693
96.181349 -115.435928 -633.752441 -5.042054 -0.002414 -0.020834 0.809475 0.586780
96.285077 -115.755363 -632.797852 -5.013813 -0.002199 -0.019766 0.809884 0.586252
96.388827 -116.075310 -631.864319 -4.977046 -0.001603 -0.020289 0.810374 0.585559
96.492577 -116.387978 -630.936035 -4.922785 -0.001718 -0.021805 0.810652 0.585120
96.596328 -116.707611 -630.021423 -4.899093 -0.002498 -0.021606 0.810731 0.585015
96.700081 -117.017677 -629.106384 -4.864808 -0.004051 -0.020806 0.810578 0.585247
96.803806 -117.326576 -628.202209 -4.831071 -0.004060 -0.020366 0.810689 0.585109
96.907531 -117.637039 -627.306396 -4.792797 -0.003400 -0.021252 0.810808 0.584917
97.011258 -117.934502 -626.419373 -4.765282 -0.002590 -0.020924 0.810941 0.584747
97.114960 -118.228767 -625.541077 -4.723144 -0.002922 -0.020968 0.811429 0.584067
97.218640 -118.527580 -624.667175 -4.688790 -0.002582 -0.020572 0.812079 0.583180
97.322320 -118.821541 -623.799744 -4.655128 -0.001707 -0.020687 0.812803 0.582169
97.426048 -119.125305 -622.942993 -4.629965 -0.003138 -0.021279 0.813663 0.580938
97.529799 -119.434219 -622.090820 -4.596636 -0.004005 -0.020204 0.814445 0.579875
97.633547 -119.726151 -621.262451 -4.561512 -0.003958 -0.019286 0.815311 0.578688
97.737320 -120.016800 -620.470520 -4.529753 -0.003278 -0.020540 0.816121 0.577507
97.841072 -120.304672 -619.687378 -4.504147 -0.003021 -0.021298 0.816811 0.576504
97.944849 -120.596237 -618.906250 -4.474133 -0.003908 -0.022123 0.817270 0.575817
98.048625 -120.872292 -618.150208 -4.429218 -0.004270 -0.021787 0.817464 0.575551
98.152376 -121.142288 -617.417236 -4.405262 -0.004858 -0.023099 0.817668 0.575206
98.256154 -121.410095 -616.718933 -4.384016 -0.005517 -0.024210 0.817885 0.574846
98.359905 -121.659721 -616.020752 -4.359268 -0.005660 -0.022836 0.818374 0.574204
98.463627 -121.901985 -615.356323 -4.332238 -0.006526 -0.021281 0.819006 0.573353
98.567352 -122.139641 -614.712341 -4.299328 -0.008222 -0.021136 0.819502 0.572627
98.671077 -122.375885 -614.107239 -4.277641 -0.009080 -0.021139 0.820125 0.571721
98.774782 -122.595253 -613.528076 -4.256384 -0.009213 -0.021111 0.820744 0.570831
98.878486 -122.805672 -612.974792 -4.238196 -0.009503 -0.021643 0.821276 0.570041
98.982211 -123.004807 -612.457520 -4.216438 -0.008777 -0.021730 0.821755 0.569358
99.085913 -123.185196 -611.965576 -4.197476 -0.007597 -0.021049 0.822139 0.568847
99.189616 -123.364647 -611.498535 -4.186733 -0.006761 -0.020110 0.822478 0.568401
99.293343 -123.532440 -611.064270 -4.163497 -0.006067 -0.020638 0.822650 0.568140
99.397070 -123.690765 -610.672424 -4.152362 -0.006331 -0.022219 0.822626 0.568114
99.500772 -123.842140 -610.296448 -4.141458 -0.007037 -0.022431 0.822630 0.568091
99.604470 -123.977417 -609.946594 -4.130684 -0.007019 -0.021400 0.823022 0.567563
99.708174 -124.088882 -609.621155 -4.116307 -0.005304 -0.018936 0.823401 0.567119
99.811881 -124.196465 -609.320862 -4.096565 -0.004870 -0.018956 0.823336 0.567217
99.915560 -124.310638 -609.037292 -4.086584 -0.005027 -0.019976 0.823422 0.567055
100.019216 -124.411560 -608.795471 -4.079511 -0.005232 -0.020232 0.823763 0.566549
100.122921 -124.500282 -608.564758 -4.064659 -0.005215 -0.019760 0.823897 0.566371
100.226624 -124.580696 -608.345703 -4.056311 -0.004987 -0.019176 0.823809 0.566522
100.330302 -124.662155 -608.141968 -4.047066 -0.003747 -0.019453 0.824053 0.566167
100.433980 -124.740868 -607.949890 -4.040053 -0.002414 -0.020324 0.824255 0.565849
100.537680 -124.812500 -607.753784 -4.032686 -0.001639 -0.020371 0.824021 0.566190
100.641384 -124.893417 -607.555115 -4.024024 -0.001381 -0.020191 0.824075 0.566120
100.745062 -124.961311 -607.358887 -4.014862 -0.001401 -0.019862 0.824176 0.565984
100.848740 -125.042831 -607.168884 -4.007722 -0.001533 -0.019840 0.824161 0.566006
100.952446 -125.117180 -606.968384 -4.001932 -0.001462 -0.020216 0.823981 0.566254
101.056149 -125.196976 -606.782715 -3.996659 -0.001184 -0.020737 0.824070 0.566107
101.159824 -125.273148 -606.600342 -3.989162 -0.001321 -0.021277 0.824149 0.565972
101.263502 -125.347908 -606.406250 -3.981821 -0.001776 -0.020988 0.824161 0.565964
101.367182 -125.426971 -606.213745 -3.973999 -0.001493 -0.020209 0.824238 0.565880
101.470862 -125.488647 -606.027710 -3.965669 -0.000997 -0.019354 0.824312 0.565804
101.574541 -125.559441 -605.848206 -3.956893 -0.000937 -0.019253 0.824231 0.565926
101.678243 -125.632225 -605.672302 -3.952232 -0.001033 -0.019516 0.824252 0.565885
101.781970 -125.701546 -605.501282 -3.947640 -0.001019 -0.019678 0.824238 0.565901
101.885722 -125.767128 -605.326538 -3.940355 -0.001139 -0.019738 0.824232 0.565908
101.989472 -125.827133 -605.162659 -3.935477 -0.001014 -0.018880 0.824198 0.565986
102.093198 -125.890800 -605.008667 -3.928618 -0.001229 -0.018609 0.824216 0.565969
102.196925 -125.951813 -604.869141 -3.922891 -0.001277 -0.018741 0.824264 0.565894
102.300652 -126.005997 -604.735718 -3.911275 -0.001586 -0.019864 0.824250 0.565875
102.404356 -126.056160 -604.594604 -3.910348 -0.001172 -0.020133 0.824237 0.565886
102.508058 -126.104034 -604.455444 -3.908010 -0.000447 -0.019345 0.824270 0.565867
102.611786 -126.150131 -604.320679 -3.903000 0.000295 -0.018440 0.824182 0.566025
102.715490 -126.203705 -604.185486 -3.894490 -0.000085 -0.018426 0.824105 0.566137
102.819193 -126.260994 -604.048096 -3.894071 -0.001716 -0.019012 0.824170 0.566020
102.922920 -126.323364 -603.914429 -3.889910 -0.003109 -0.019388 0.824159 0.566018
103.026621 -126.369400 -603.789734 -3.884706 -0.003826 -0.020582 0.824048 0.566133
103.130299 -126.418015 -603.667603 -3.881807 -0.003098 -0.020862 0.824037 0.566143
103.234002 -126.465431 -603.553711 -3.876873 -0.002152 -0.020668 0.824171 0.565960
103.337705 -126.510796 -603.431946 -3.871222 -0.001897 -0.020589 0.824163 0.565975
103.441385 -126.561783 -603.311340 -3.865456 -0.002041 -0.021088 0.824210 0.565888
103.545087 -126.616104 -603.177795 -3.859829 -0.001583 -0.021330 0.824333 0.565702
103.648812 -126.668236 -603.039734 -3.856966 -0.001107 -0.021697 0.824470 0.565489
103.752542 -126.732170 -602.885376 -3.850615 0.000477 -0.022044 0.824711 0.565124
103.856245 -126.799942 -602.717102 -3.846467 0.002165 -0.022520 0.825076 0.564569
103.959899 -126.875038 -602.518738 -3.836423 0.003592 -0.023240 0.825517 0.563887
104.063530 -126.968941 -602.301086 -3.829308 0.004268 -0.023923 0.826385 0.562581
104.167136 -127.073906 -602.063232 -3.815767 0.004621 -0.024775 0.827519 0.560873
104.270766 -127.186005 -601.798279 -3.810657 0.005287 -0.024699 0.829023 0.558644
104.374468 -127.308975 -601.502991 -3.801321 0.006686 -0.023531 0.830695 0.556191
104.478170 -127.448753 -601.179260 -3.788188 0.007637 -0.024104 0.832610 0.553283
104.581850 -127.614555 -600.838440 -3.777661 0.007448 -0.025039 0.834904 0.549775
104.685530 -127.775368 -600.487610 -3.760154 0.008061 -0.024420 0.837541 0.545769
104.789233 -127.944893 -600.113770 -3.743969 0.008728 -0.023305 0.840165 0.541760
104.892935 -128.136948 -599.706726 -3.724154 0.008570 -0.022003 0.842958 0.537461
104.996615 -128.342911 -599.284485 -3.705872 0.007506 -0.021171 0.845622 0.533309
105.100270 -128.568726 -598.861023 -3.679800 0.007704 -0.021821 0.848619 0.528498
105.203948 -128.806976 -598.409729 -3.665230 0.007962 -0.022464 0.851224 0.524262
105.307650 -129.049973 -597.929626 -3.658850 0.007002 -0.020588 0.853771 0.520195
105.411353 -129.315109 -597.438293 -3.627776 0.006091 -0.018192 0.856178 0.516324
105.515081 -129.593735 -596.941284 -3.598638 0.004768 -0.017702 0.858517 0.512458
105.618831 -129.894043 -596.426025 -3.582696 0.002213 -0.018604 0.860441 0.509206
105.722628 -130.196167 -595.891663 -3.565944 0.000470 -0.017776 0.861898 0.506769
105.826450 -130.511520 -595.353943 -3.541204 -0.001214 -0.019447 0.863219 0.504453
105.930271 -130.833359 -594.800842 -3.522861 -0.002875 -0.021200 0.863833 0.503324
106.034071 -131.180679 -594.211182 -3.519978 -0.004781 -0.022662 0.864156 0.502691
106.137845 -131.520813 -593.627808 -3.503222 -0.004813 -0.021812 0.864817 0.501591
106.241620 -131.874542 -593.018555 -3.499016 -0.004705 -0.021759 0.865382 0.500618
106.345372 -132.234528 -592.386597 -3.470295 -0.004214 -0.021212 0.865658 0.500169
106.449121 -132.626831 -591.757507 -3.437323 -0.003484 -0.024852 0.866260 0.498962
106.552873 -133.011108 -591.111450 -3.433230 -0.001903 -0.028111 0.866606 0.498197
106.656601 -133.412415 -590.443237 -3.418306 0.000421 -0.029706 0.866896 0.497603
106.760352 -133.810898 -589.749817 -3.401244 0.001134 -0.028738 0.867337 0.496891
106.864104 -134.230682 -589.049438 -3.376438 -0.000428 -0.028311 0.867662 0.496347
106.967831 -134.662872 -588.333618 -3.342610 -0.001947 -0.028989 0.867829 0.496013
107.071558 -135.105392 -587.607056 -3.325461 -0.003195 -0.028942 0.868303 0.495179
107.175261 -135.546143 -586.863647 -3.292233 -0.003197 -0.028624 0.868901 0.494147
107.278963 -136.002350 -586.104736 -3.277255 -0.003928 -0.028054 0.869558 0.493017
107.382664 -136.470795 -585.333008 -3.251181 -0.003806 -0.026419 0.870529 0.491393
107.486342 -136.949844 -584.562317 -3.226161 -0.003737 -0.025851 0.871797 0.489170
107.590022 -137.435913 -583.774658 -3.209453 -0.003686 -0.023663 0.873214 0.486748
107.693723 -137.927032 -582.992004 -3.187679 -0.003673 -0.021860 0.874560 0.484410
107.797426 -138.413498 -582.204651 -3.161461 -0.003598 -0.021318 0.875763 0.482258
107.901156 -138.912262 -581.435120 -3.137022 -0.002908 -0.021624 0.876788 0.480383
108.004905 -139.409286 -580.672180 -3.106194 -0.001509 -0.022336 0.877547 0.478967
108.108632 -139.910583 -579.912109 -3.074986 -0.001306 -0.024127 0.877885 0.478261
108.212382 -140.411102 -579.152405 -3.043060 -0.000976 -0.025430 0.877771 0.478404
108.316156 -140.921509 -578.388489 -3.008685 -0.001612 -0.027254 0.877464 0.478866
108.419906 -141.436218 -577.617188 -2.976546 -0.001951 -0.028770 0.876940 0.479733
108.523634 -141.938660 -576.836243 -2.958245 -0.002161 -0.028058 0.876627 0.480346
108.627411 -142.426849 -576.061707 -2.926296 -0.001991 -0.027155 0.876078 0.481401
108.731211 -142.925964 -575.288330 -2.891419 -0.001472 -0.026079 0.875413 0.482669
108.834984 -143.426987 -574.501770 -2.863389 -0.000941 -0.027041 0.874843 0.483651
108.938734 -143.924179 -573.719971 -2.827418 -0.000170 -0.027365 0.874291 0.484631
109.042487 -144.426941 -572.931458 -2.793741 0.000044 -0.026964 0.873563 0.485963
109.146238 -144.930618 -572.134644 -2.756258 0.000105 -0.027107 0.872862 0.487213
109.249964 -145.429474 -571.343201 -2.722766 -0.000204 -0.027458 0.872283 0.488230
109.353670 -145.922516 -570.539856 -2.688373 0.000764 -0.026943 0.871676 0.489342
109.457371 -146.425491 -569.728699 -2.653044 0.001438 -0.027333 0.870945 0.490617
109.561093 -146.921173 -568.912598 -2.608585 0.002285 -0.027713 0.870424 0.491517
109.664821 -147.414368 -568.099304 -2.573121 0.002080 -0.027728 0.870192 0.491927
109.768525 -147.920532 -567.275085 -2.527404 0.001915 -0.027856 0.870036 0.492196
109.872205 -148.416748 -566.454102 -2.494386 0.001239 -0.027741 0.870087 0.492115
109.975905 -148.919128 -565.631042 -2.456521 0.001233 -0.028043 0.870144 0.491997
110.079633 -149.431686 -564.798279 -2.410672 0.001331 -0.028711 0.870248 0.491774
110.183338 -149.939316 -563.965637 -2.374944 0.001781 -0.029461 0.870498 0.491286
110.287040 -150.448578 -563.124023 -2.348816 0.001896 -0.028747 0.870861 0.490684
110.390742 -150.959854 -562.288147 -2.295463 0.001773 -0.028664 0.871265 0.489973
110.494398 -151.476013 -561.455017 -2.256130 0.002516 -0.029554 0.871515 0.489471
110.598054 -151.995605 -560.621277 -2.206523 0.003876 -0.030118 0.871999 0.488564
110.701733 -152.510986 -559.792908 -2.159940 0.004141 -0.030405 0.872454 0.487731
110.805386 -153.039627 -558.970398 -2.114144 0.002625 -0.030227 0.873037 0.486709
110.909039 -153.557114 -558.140930 -2.071635 0.000856 -0.029294 0.873694 0.485593
111.012717 -154.081223 -557.327209 -2.028090 0.000006 -0.028828 0.874269 0.484585
111.116395 -154.590668 -556.510132 -1.989244 0.000918 -0.027735 0.874778 0.483729
111.220075 -155.103455 -555.697083 -1.948376 0.000988 -0.028901 0.875336 0.482650
111.323754 -155.621582 -554.890076 -1.903925 0.001735 -0.028138 0.875886 0.481693
111.427433 -156.145599 -554.086853 -1.863951 0.002562 -0.027790 0.876409 0.480758
111.531109 -156.654861 -553.294373 -1.819235 0.003311 -0.028582 0.876881 0.479845
111.634788 -157.169144 -552.501343 -1.774308 0.003914 -0.029263 0.877325 0.478987
111.738469 -157.692184 -551.717957 -1.730263 0.002885 -0.029863 0.877857 0.477982
111.842171 -158.211136 -550.930359 -1.688698 0.000576 -0.029948 0.878217 0.477324
111.945871 -158.733185 -550.139771 -1.653519 -0.001169 -0.029367 0.878334 0.477143
112.049575 -159.252335 -549.370728 -1.615281 -0.001654 -0.030793 0.878319 0.477080
112.153279 -159.760803 -548.603638 -1.571789 -0.000746 -0.032329 0.877933 0.477690
112.256983 -160.263016 -547.838013 -1.534345 0.000202 -0.032619 0.877476 0.478511
112.360711 -160.753830 -547.071533 -1.491853 0.002154 -0.030761 0.876967 0.479561
112.464413 -161.239578 -546.303894 -1.457699 0.003029 -0.028831 0.876485 0.480555
112.568095 -161.721786 -545.543640 -1.406408 0.003815 -0.028366 0.876060 0.481351
112.671774 -162.205200 -544.802368 -1.364377 0.004473 -0.027252 0.875597 0.482253
112.775474 -162.677689 -544.057739 -1.321556 0.004897 -0.026541 0.875130 0.483134
112.879176 -163.149811 -543.315430 -1.275670 0.004870 -0.028228 0.874456 0.484258
112.982879 -163.608734 -542.601501 -1.235604 0.006750 -0.029241 0.873910 0.485161
113.086579 -164.055725 -541.905762 -1.181860 0.010247 -0.031868 0.873317 0.486000
113.190257 -164.486633 -541.222412 -1.120114 0.011968 -0.034480 0.872679 0.486928
113.293937 -164.915009 -540.559143 -1.067018 0.011758 -0.036513 0.872258 0.487538
113.397617 -165.323578 -539.896667 -1.016800 0.010768 -0.035940 0.871863 0.488311
113.501321 -165.712402 -539.256714 -0.975111 0.010280 -0.033771 0.871669 0.488822
113.605047 -166.087753 -538.648132 -0.913449 0.011033 -0.032433 0.871571 0.489071
113.708797 -166.444717 -538.068542 -0.878880 0.013031 -0.030982 0.871492 0.489256
113.812526 -166.775726 -537.510132 -0.818766 0.016274 -0.030219 0.871558 0.489089
113.916255 -167.102951 -536.980957 -0.761671 0.017378 -0.030665 0.871569 0.489005
114.020002 -167.421875 -536.475098 -0.717495 0.016493 -0.031567 0.871482 0.489132
114.123725 -167.731873 -535.981689 -0.674081 0.015687 -0.031653 0.871588 0.488965
114.227429 -168.024628 -535.501221 -0.631028 0.015298 -0.031446 0.871757 0.488689
114.331129 -168.310928 -535.049500 -0.587444 0.016547 -0.031221 0.871789 0.488605
114.434855 -168.589172 -534.601379 -0.539143 0.017436 -0.033985 0.871556 0.488806
114.538586 -168.869049 -534.176331 -0.505605 0.017314 -0.035831 0.871463 0.488844
114.642312 -169.138275 -533.754333 -0.470139 0.016958 -0.036228 0.871443 0.488862
114.746062 -169.410950 -533.325500 -0.428101 0.015576 -0.036621 0.871385 0.488983
114.849813 -169.654831 -532.920654 -0.389473 0.014549 -0.036397 0.871206 0.489349
114.953541 -169.907867 -532.536926 -0.346416 0.013428 -0.037981 0.871053 0.489534
115.057295 -170.151215 -532.150269 -0.314450 0.013046 -0.038325 0.870857 0.489867
115.161047 -170.384796 -531.779297 -0.279922 0.013185 -0.038437 0.870685 0.490160
115.264774 -170.601852 -531.405457 -0.249589 0.014267 -0.036692 0.870490 0.490609
115.368475 -170.825439 -531.043152 -0.214936 0.014749 -0.035825 0.870515 0.490614
115.472176 -171.041565 -530.690308 -0.180676 0.015294 -0.035054 0.870517 0.490650
115.575881 -171.247742 -530.347473 -0.148908 0.015443 -0.034923 0.870459 0.490757
115.679561 -171.452972 -530.012512 -0.119952 0.016018 -0.034348 0.870461 0.490777
115.783263 -171.650116 -529.695129 -0.093460 0.016750 -0.033850 0.870708 0.490348
115.886990 -171.837051 -529.383301 -0.061770 0.017058 -0.033800 0.870806 0.490167
115.990692 -172.024719 -529.084229 -0.031295 0.017601 -0.034788 0.870887 0.489935
116.094394 -172.203018 -528.789612 -0.006804 0.019096 -0.035275 0.871041 0.489569
116.198097 -172.368530 -528.514526 0.022319 0.021420 -0.034579 0.871422 0.488845
116.301801 -172.531113 -528.238220 0.049682 0.023321 -0.033351 0.871936 0.487925
116.405505 -172.688904 -527.971924 0.078180 0.023688 -0.032970 0.872690 0.486584
116.509208 -172.847153 -527.727112 0.103162 0.023717 -0.033645 0.873532 0.485023
116.612909 -173.000702 -527.492859 0.122887 0.023686 -0.035081 0.874118 0.483865
116.716613 -173.155807 -527.265808 0.146017 0.023209 -0.036475 0.874644 0.482834
116.820339 -173.292496 -527.061523 0.168950 0.022747 -0.037019 0.875355 0.481525
116.924066 -173.419952 -526.868774 0.191843 0.022822 -0.036834 0.875983 0.480392
117.027791 -173.534241 -526.685059 0.209107 0.023061 -0.036329 0.876553 0.479378
117.131519 -173.644928 -526.518372 0.228987 0.023236 -0.035996 0.877109 0.478376
117.235247 -173.743958 -526.351929 0.248618 0.023890 -0.035731 0.877468 0.477705
117.338973 -173.844498 -526.205505 0.271314 0.024370 -0.036577 0.877451 0.477648
117.442697 -173.947418 -526.062805 0.288474 0.024871 -0.037840 0.877338 0.477733
117.546449 -174.027985 -525.934326 0.298704 0.025717 -0.037941 0.877212 0.477910
117.650177 -174.098572 -525.809570 0.309386 0.026197 -0.037629 0.877069 0.478171
117.753882 -174.176666 -525.690247 0.320456 0.026784 -0.037780 0.876892 0.478451
117.857585 -174.257706 -525.574341 0.334425 0.027233 -0.038201 0.877063 0.478078
117.961262 -174.323883 -525.468872 0.346391 0.027526 -0.038370 0.877308 0.477599
118.064971 -174.381241 -525.379700 0.356645 0.027595 -0.038325 0.877414 0.477405
118.168674 -174.443298 -525.289368 0.365546 0.027735 -0.038688 0.877445 0.477309
118.272344 -174.502869 -525.207214 0.379990 0.027758 -0.039324 0.877543 0.477076
118.376048 -174.551773 -525.135498 0.384742 0.027643 -0.040272 0.877649 0.476809
118.479750 -174.609131 -525.053040 0.391059 0.027845 -0.040360 0.877735 0.476631
118.583427 -174.653458 -524.977600 0.399996 0.028185 -0.039900 0.877851 0.476435
118.687129 -174.695328 -524.906982 0.408078 0.028256 -0.039734 0.877925 0.476309
118.790856 -174.738235 -524.849060 0.418220 0.028316 -0.040183 0.878067 0.476006
118.894582 -174.773499 -524.791138 0.425306 0.028522 -0.040519 0.878102 0.475901
118.998290 -174.812149 -524.733337 0.431362 0.028788 -0.040536 0.878163 0.475771
119.101995 -174.844116 -524.687256 0.434800 0.028844 -0.040540 0.878265 0.475578
119.205716 -174.868835 -524.639221 0.437376 0.029059 -0.040445 0.878333 0.475447
119.309417 -174.901199 -524.591187 0.444924 0.029322 -0.040463 0.878394 0.475317
119.413120 -174.920441 -524.559143 0.448470 0.029393 -0.040681 0.878494 0.475110
119.516850 -174.944504 -524.517273 0.452329 0.029636 -0.040713 0.878530 0.475026
119.620554 -174.970886 -524.480957 0.455314 0.029835 -0.040759 0.878518 0.475031
119.724254 -174.987778 -524.451965 0.456875 0.029852 -0.040744 0.878522 0.475025
119.827980 -175.005905 -524.421204 0.462713 0.029930 -0.040761 0.878541 0.474982
119.931681 -175.025970 -524.397461 0.465038 0.029923 -0.040863 0.878593 0.474877
120.035383 -175.034653 -524.379395 0.469403 0.029985 -0.041057 0.878588 0.474867
120.139062 -175.043823 -524.365967 0.471703 0.030004 -0.041082 0.878673 0.474707
120.242719 -175.051208 -524.357300 0.473566 0.030067 -0.041073 0.878695 0.474661
120.346398 -175.059891 -524.342957 0.475748 0.030110 -0.041129 0.878702 0.474642
120.450076 -175.067520 -524.332703 0.474412 0.030271 -0.041275 0.878702 0.474618
120.553755 -175.075546 -524.322388 0.478692 0.030478 -0.041397 0.878711 0.474579
120.657434 -175.088409 -524.303162 0.477576 0.030829 -0.041635 0.878677 0.474597
120.761114 -175.102783 -524.288818 0.480401 0.030996 -0.041818 0.878697 0.474533
120.864795 -175.109894 -524.271545 0.483159 0.031134 -0.041871 0.878684 0.474543
120.968472 -175.126526 -524.248779 0.488383 0.031045 -0.041819 0.878735 0.474460
121.072150 -175.138779 -524.230896 0.488696 0.030961 -0.041811 0.878779 0.474385
121.175829 -175.153717 -524.203796 0.491229 0.030921 -0.041711 0.878797 0.474363
121.279534 -175.173584 -524.174561 0.496094 0.030787 -0.041799 0.878815 0.474329
121.383260 -175.196609 -524.142029 0.501863 0.030829 -0.041729 0.878808 0.474346
121.486959 -175.218903 -524.108521 0.505938 0.030840 -0.041739 0.878827 0.474309
121.590662 -175.243896 -524.066040 0.512829 0.030734 -0.041669 0.878803 0.474367
121.694366 -175.276917 -524.022339 0.518284 0.030565 -0.041699 0.878805 0.474371
121.798068 -175.307816 -523.978699 0.524927 0.030435 -0.041747 0.878851 0.474291
121.901796 -175.339539 -523.930725 0.532329 0.030455 -0.041832 0.878874 0.474240
122.005524 -175.368759 -523.879517 0.536929 0.030512 -0.041846 0.878937 0.474117
122.109251 -175.407486 -523.823425 0.541226 0.030570 -0.041674 0.879011 0.473993
122.212952 -175.452591 -523.759155 0.550586 0.030623 -0.041518 0.879010 0.474005
122.316679 -175.495956 -523.692993 0.562953 0.030764 -0.041432 0.878945 0.474124
122.420406 -175.547089 -523.618164 0.571740 0.030767 -0.041469 0.878958 0.474096
122.524083 -175.599503 -523.545532 0.579604 0.030790 -0.041592 0.879025 0.473959
122.627762 -175.656586 -523.459351 0.592270 0.030886 -0.041486 0.879004 0.474001
122.731442 -175.705246 -523.378357 0.602728 0.030592 -0.041564 0.879010 0.474002
122.835121 -175.766617 -523.295959 0.613396 0.030286 -0.041754 0.879054 0.473923
122.938776 -175.828598 -523.209045 0.622474 0.030172 -0.041797 0.879092 0.473857
123.042429 -175.881317 -523.118835 0.632430 0.030552 -0.041655 0.879104 0.473822
123.146107 -175.942612 -523.029480 0.644028 0.030741 -0.041478 0.879048 0.473930
123.249786 -176.008667 -522.930420 0.656184 0.030926 -0.041270 0.878976 0.474070
123.353465 -176.074738 -522.832153 0.665191 0.031178 -0.040694 0.879074 0.473921
123.457170 -176.141830 -522.733582 0.676984 0.031775 -0.039296 0.879092 0.473966
123.560896 -176.194733 -522.632812 0.689399 0.031793 -0.038627 0.879058 0.474083
123.664599 -176.255341 -522.538757 0.705363 0.031490 -0.038413 0.879093 0.474055
123.768301 -176.320450 -522.453674 0.719520 0.031322 -0.038581 0.879124 0.473996
123.872005 -176.378235 -522.362366 0.731014 0.031249 -0.038696 0.879021 0.474182
123.975708 -176.428040 -522.284302 0.740856 0.031294 -0.038599 0.879139 0.473968
124.079408 -176.477295 -522.207703 0.752028 0.031160 -0.038476 0.879292 0.473703
124.183111 -176.522903 -522.140686 0.762614 0.030926 -0.038356 0.879382 0.473560
124.286817 -176.572006 -522.070679 0.772351 0.030499 -0.038153 0.879427 0.473521
124.390519 -176.607742 -522.013367 0.781277 0.030302 -0.037947 0.879591 0.473246
124.494222 -176.643921 -521.966370 0.786780 0.030210 -0.037589 0.879622 0.473224
124.597902 -176.667633 -521.923767 0.796661 0.030307 -0.037774 0.879707 0.473043
124.701580 -176.690613 -521.894104 0.798262 0.030300 -0.037924 0.879779 0.472899
124.805260 -176.699539 -521.878967 0.797757 0.030406 -0.037837 0.879801 0.472857
124.908939 -176.705322 -521.865540 0.798527 0.030359 -0.037811 0.879834 0.472800
125.012616 -176.708847 -521.865845 0.799662 0.030327 -0.037677 0.879838 0.472806
125.116296 -176.700104 -521.873047 0.797701 0.030541 -0.037756 0.879840 0.472782
125.219975 -176.691483 -521.880310 0.800530 0.031194 -0.038236 0.879826 0.472728
125.323655 -176.692139 -521.877136 0.800438 0.031570 -0.038611 0.879791 0.472737
125.427356 -176.697678 -521.874695 0.798912 0.031402 -0.038400 0.879745 0.472850
125.531082 -176.696533 -521.871948 0.798630 0.031293 -0.038293 0.879777 0.472808
125.634811 -176.690689 -521.874146 0.800204 0.031354 -0.038334 0.879767 0.472818
125.738513 -176.696045 -521.874451 0.798193 0.031176 -0.038373 0.879782 0.472798
125.842166 -176.695541 -521.877258 0.797367 0.031172 -0.038365 0.879805 0.472757
125.945822 -176.693405 -521.876953 0.796600 0.031214 -0.038426 0.879785 0.472787
126.049501 -176.695862 -521.879089 0.796470 0.031224 -0.038365 0.879789 0.472784
126.153180 -176.693680 -521.879089 0.794024 0.031208 -0.038342 0.879824 0.472721
126.256859 -176.698959 -521.876831 0.795267 0.031276 -0.038272 0.879781 0.472803
126.360538 -176.691650 -521.875366 0.795072 0.031280 -0.038177 0.879829 0.472721
126.464242 -176.696899 -521.875244 0.794686 0.031168 -0.038352 0.879776 0.472813
126.567968 -176.697357 -521.874084 0.795252 0.031244 -0.038377 0.879800 0.472762
126.671668 -176.692413 -521.876709 0.795528 0.031318 -0.038283 0.879786 0.472790
126.775370 -176.697510 -521.874573 0.795474 0.031221 -0.038325 0.879798 0.472770
