0.000000 0.631226 -0.542068 0.838657 -0.000400 -0.026472 -0.153111 0.987854
0.104037 0.780937 -0.604587 0.844828 -0.000873 -0.025557 -0.166059 0.985784
0.208132 0.939101 -0.683148 0.851965 -0.000365 -0.024212 -0.182330 0.982939
0.312243 1.104968 -0.779523 0.858443 0.001557 -0.023128 -0.200929 0.979331
0.416354 1.276974 -0.891090 0.864268 0.003616 -0.022892 -0.220262 0.975165
0.520490 1.458924 -1.012446 0.869459 0.004216 -0.021984 -0.241632 0.970110
0.624650 1.647409 -1.146036 0.875217 0.004631 -0.020466 -0.265286 0.963941
0.728796 1.838242 -1.303260 0.887141 0.006560 -0.016873 -0.289196 0.957099
0.832907 2.023002 -1.487850 0.898715 0.011454 -0.013573 -0.312803 0.949652
0.937029 2.205561 -1.682709 0.905531 0.014802 -0.011703 -0.338370 0.940824
1.041161 2.389824 -1.889776 0.911658 0.015729 -0.009554 -0.365283 0.930714
1.145247 2.570855 -2.117071 0.916094 0.016769 -0.006788 -0.392058 0.919762
1.249311 2.741821 -2.368466 0.918224 0.019259 -0.004899 -0.419185 0.907683
1.353349 2.902329 -2.638228 0.920083 0.022120 -0.003605 -0.446543 0.894481
1.457316 3.055095 -2.928866 0.918009 0.024422 -0.002458 -0.472992 0.880725
1.561236 3.199708 -3.242071 0.909982 0.026341 -0.002223 -0.498481 0.866497
1.665107 3.339262 -3.576148 0.899799 0.027596 -0.001720 -0.523438 0.851615
1.768929 3.475661 -3.933168 0.889038 0.027422 0.000526 -0.547174 0.836569
1.872705 3.600598 -4.314875 0.878257 0.027602 0.002097 -0.569173 0.821752
1.976385 3.710789 -4.723687 0.865661 0.028143 0.003055 -0.589170 0.807513
2.080040 3.810224 -5.160552 0.853918 0.029172 0.004401 -0.607408 0.793842
2.183671 3.900903 -5.621525 0.838133 0.029034 0.005409 -0.624407 0.780540
2.287302 3.977740 -6.106680 0.819318 0.028903 0.005526 -0.640343 0.767525
2.390933 4.035787 -6.619704 0.797359 0.029112 0.003983 -0.654532 0.755463
2.494515 4.081316 -7.156857 0.772825 0.029385 0.002154 -0.666758 0.744692
2.598073 4.118231 -7.721081 0.747538 0.029341 0.000621 -0.677128 0.735280
2.701605 4.147316 -8.313955 0.722423 0.029634 -0.000239 -0.685179 0.727771
2.805139 4.168751 -8.933045 0.698182 0.030230 -0.000528 -0.691108 0.722119
2.908675 4.184795 -9.578294 0.674017 0.031253 -0.000491 -0.695474 0.717871
3.012282 4.199201 -10.246647 0.648704 0.031866 0.000683 -0.699565 0.713858
3.115938 4.208906 -10.940536 0.620848 0.032239 0.002079 -0.703486 0.709975
3.219594 4.209604 -11.656291 0.590477 0.032808 0.003041 -0.707174 0.706271
3.323275 4.202659 -12.392405 0.558361 0.033390 0.004170 -0.710865 0.702523
3.426953 4.187015 -13.145904 0.522648 0.034109 0.004837 -0.714654 0.698629
3.530629 4.162498 -13.918367 0.483394 0.034670 0.005262 -0.718304 0.694845
3.634309 4.131187 -14.706320 0.442146 0.035603 0.006889 -0.721985 0.690958
3.738012 4.092740 -15.503169 0.397844 0.036405 0.008730 -0.725895 0.686786
3.841738 4.041777 -16.305489 0.352678 0.037993 0.010703 -0.730051 0.682252
3.945464 3.980144 -17.110479 0.305828 0.038879 0.011931 -0.734439 0.677455
4.049190 3.906264 -17.915306 0.257799 0.039166 0.012283 -0.739236 0.672194
4.152941 3.821522 -18.724234 0.207339 0.038700 0.012449 -0.744127 0.666800
4.256718 3.721594 -19.535366 0.157293 0.038387 0.012276 -0.749574 0.660692
4.360515 3.605210 -20.347361 0.108610 0.037368 0.012687 -0.756357 0.652968
4.464386 3.472617 -21.161669 0.058658 0.035988 0.013962 -0.764506 0.643459
4.568330 3.317644 -21.973871 0.007562 0.034994 0.015531 -0.774025 0.631996
4.672322 3.130036 -22.786360 -0.044195 0.034278 0.016585 -0.784367 0.619127
4.776289 2.914658 -23.591991 -0.094397 0.033968 0.017169 -0.794850 0.605611
4.880205 2.667434 -24.391342 -0.145337 0.033641 0.017101 -0.805029 0.592034
4.984127 2.396458 -25.184687 -0.196197 0.032644 0.017100 -0.814712 0.578693
5.088021 2.101157 -25.970032 -0.246452 0.031040 0.017460 -0.824056 0.565388
5.191889 1.772628 -26.744278 -0.295671 0.030281 0.015430 -0.833223 0.551892
5.295738 1.415804 -27.506115 -0.343877 0.029977 0.012011 -0.842001 0.538508
5.399561 1.033460 -28.254744 -0.387205 0.029383 0.008084 -0.850288 0.525434
5.503383 0.628849 -28.993294 -0.427207 0.029423 0.004536 -0.857990 0.512804
5.607157 0.194132 -29.723436 -0.462847 0.030043 0.000226 -0.865330 0.500302
5.710883 -0.256292 -30.436672 -0.491428 -0.028319 0.004132 0.872155 -0.488391
5.814587 -0.718427 -31.131809 -0.515823 -0.023504 0.009355 0.878772 -0.476570
5.918266 -1.189934 -31.811907 -0.534392 -0.016075 0.013910 0.885122 -0.464872
6.021945 -1.676082 -32.479683 -0.543622 -0.008829 0.017216 0.891384 -0.452835
6.125648 -2.185003 -33.136879 -0.538516 -0.004767 0.020511 0.897393 -0.440728
6.229350 -2.715330 -33.781151 -0.523960 -0.003891 0.022005 0.902980 -0.429100
6.333005 -3.259518 -34.412392 -0.506070 -0.005162 0.022664 0.908224 -0.417839
6.436659 -3.820292 -35.031193 -0.487308 -0.008539 0.022532 0.912891 -0.407491
6.540337 -4.394583 -35.629551 -0.471007 -0.012593 0.023894 0.916889 -0.398227
6.643998 -4.972887 -36.215755 -0.457390 -0.013765 0.025377 0.920049 -0.390738
6.747629 -5.548867 -36.789429 -0.448489 -0.013557 0.026878 0.922571 -0.384652
6.851230 -6.125631 -37.351261 -0.440525 -0.012741 0.027976 0.924771 -0.379281
6.954861 -6.697784 -37.910374 -0.428458 -0.010244 0.025923 0.927101 -0.373773
7.058539 -7.279423 -38.466087 -0.415810 -0.010503 0.024359 0.929570 -0.367691
7.162217 -7.875514 -39.006119 -0.406559 -0.010652 0.025279 0.931494 -0.362722
7.265872 -8.482009 -39.543289 -0.396107 -0.010585 0.027098 0.933051 -0.358567
7.369532 -9.097868 -40.089958 -0.387104 -0.009148 0.028006 0.933899 -0.356320
7.473163 -9.724847 -40.646175 -0.380102 -0.008027 0.028428 0.933947 -0.356189
7.576765 -10.365233 -41.215385 -0.368703 -0.008570 0.029366 0.933315 -0.357753
7.680395 -11.013083 -41.806725 -0.356458 -0.008751 0.028563 0.932119 -0.360917
7.784073 -11.664541 -42.415596 -0.345037 -0.008406 0.027781 0.930696 -0.364641
7.887801 -12.322855 -43.040169 -0.333758 -0.007939 0.027258 0.929194 -0.368501
7.991527 -12.988474 -43.682964 -0.321605 -0.007518 0.026095 0.927861 -0.371937
8.095278 -13.660396 -44.342785 -0.307752 -0.006689 0.024348 0.926863 -0.374550
8.199079 -14.342221 -45.020191 -0.291133 -0.006255 0.022120 0.926532 -0.375513
8.302902 -15.036020 -45.707397 -0.274956 -0.006183 0.020347 0.926591 -0.375470
8.406725 -15.741524 -46.401173 -0.259365 -0.006263 0.019392 0.926817 -0.374961
8.510522 -16.458069 -47.102234 -0.246789 -0.006558 0.019215 0.926909 -0.374737
8.614297 -17.186064 -47.812218 -0.235965 -0.006954 0.019015 0.926952 -0.374634
8.718071 -17.922508 -48.530972 -0.224565 -0.007340 0.018968 0.926953 -0.374625
8.821845 -18.664244 -49.253761 -0.212729 -0.007470 0.018732 0.926969 -0.374595
8.925619 -19.407349 -49.982117 -0.199459 -0.007542 0.017839 0.927017 -0.374520
9.029370 -20.150669 -50.708073 -0.185063 -0.007825 0.017427 0.927003 -0.374568
9.133123 -20.892517 -51.433685 -0.169012 -0.007660 0.016893 0.926895 -0.374861
9.236872 -21.632351 -52.158188 -0.153676 -0.008156 0.016416 0.926650 -0.375478
9.340605 -22.370956 -52.883049 -0.138703 -0.009520 0.016137 0.926189 -0.376594
9.444335 -23.106771 -53.608643 -0.125296 -0.010526 0.015962 0.925654 -0.377887
9.548078 -23.836950 -54.332272 -0.113845 -0.010894 0.015992 0.925141 -0.379131
9.651828 -24.564754 -55.055408 -0.102758 -0.010896 0.016380 0.924670 -0.380261
9.755604 -25.288956 -55.778282 -0.091699 -0.010680 0.016436 0.924457 -0.380783
9.859426 -26.007040 -56.497402 -0.078501 -0.009679 0.016502 0.924596 -0.380468
9.963269 -26.722486 -57.213024 -0.065139 -0.008210 0.016361 0.925195 -0.379051
10.067121 -27.437393 -57.921223 -0.051047 -0.007271 0.016011 0.926139 -0.376772
10.170974 -28.159887 -58.624023 -0.036864 -0.008168 0.015842 0.927310 -0.373870
10.274838 -28.887548 -59.315674 -0.019228 -0.010183 0.015684 0.928476 -0.370921
10.378680 -29.610283 -60.002609 -0.004230 -0.010219 0.014357 0.929593 -0.368166
10.482507 -30.333733 -60.676735 0.008969 -0.009700 0.015389 0.930663 -0.365426
10.586331 -31.057030 -61.343452 0.022027 -0.008500 0.016000 0.931705 -0.362763
10.690104 -31.779825 -62.006771 0.037189 -0.007732 0.015323 0.932746 -0.360125
10.793853 -32.504086 -62.662678 0.052201 -0.007007 0.014959 0.933572 -0.358009
10.897604 -33.231358 -63.313133 0.065407 -0.007625 0.014981 0.934268 -0.356174
11.001331 -33.965492 -63.962585 0.075308 -0.011439 0.014094 0.934746 -0.354852
11.105057 -34.697670 -64.610191 0.083870 -0.016292 0.012109 0.935113 -0.353768
11.208785 -35.424458 -65.251877 0.082837 -0.018413 0.010990 0.935434 -0.352850
11.312489 -36.141788 -65.880348 0.077170 -0.015298 0.012710 0.935738 -0.352134
11.416191 -36.859238 -66.502548 0.075351 -0.012663 0.014537 0.936007 -0.351454
11.519920 -37.580551 -67.122795 0.075516 -0.012774 0.017384 0.936105 -0.351057
11.623647 -38.302906 -67.744278 0.082904 -0.014199 0.018874 0.936043 -0.351093
11.727324 -39.019070 -68.370041 0.088297 -0.015383 0.018113 0.935910 -0.351436
11.831004 -39.733612 -68.996704 0.087952 -0.017266 0.016898 0.935720 -0.351916
11.934732 -40.445782 -69.626663 0.089043 -0.019547 0.014577 0.935501 -0.352483
12.038457 -41.144196 -70.258919 0.084660 -0.019268 0.010286 0.935385 -0.352957
12.142206 -41.841148 -70.891327 0.072840 -0.018225 0.006798 0.935101 -0.353846
12.245957 -42.544510 -71.513451 0.061124 -0.019364 0.007306 0.934672 -0.354909
12.349686 -43.245785 -72.131149 0.050980 -0.019911 0.009348 0.934003 -0.356586
12.453388 -43.939468 -72.751488 0.036886 -0.018672 0.011262 0.933004 -0.359204
12.557067 -44.632027 -73.375114 0.021151 -0.019742 0.013977 0.931377 -0.363253
12.660745 -45.322170 -74.005867 0.010270 -0.021872 0.016865 0.929583 -0.367576
12.764447 -45.994572 -74.647133 -0.007364 -0.021137 0.016878 0.927509 -0.372821
12.868173 -46.655788 -75.302559 -0.025320 -0.021193 0.015911 0.925146 -0.378686
12.971899 -47.312283 -75.960716 -0.042570 -0.022741 0.015234 0.922575 -0.384845
13.075627 -47.954693 -76.623444 -0.059308 -0.023333 0.014975 0.920080 -0.390747
13.179357 -48.590031 -77.298431 -0.081200 -0.023854 0.015345 0.917421 -0.396906
13.283082 -49.216232 -77.973785 -0.098250 -0.024148 0.016592 0.914709 -0.403049
13.386830 -49.827526 -78.656570 -0.107875 -0.022610 0.017009 0.911985 -0.409246
13.490605 -50.426456 -79.338486 -0.120028 -0.018620 0.020925 0.909391 -0.414999
13.594358 -51.018501 -80.029465 -0.128612 -0.015855 0.022743 0.906538 -0.421213
13.698109 -51.600708 -80.738525 -0.125971 -0.016915 0.021506 0.903789 -0.427102
13.801882 -52.175476 -81.452744 -0.122285 -0.018220 0.020372 0.900962 -0.433037
13.905655 -52.735508 -82.168343 -0.119167 -0.016808 0.019652 0.898587 -0.438033
14.009478 -53.280945 -82.886368 -0.115264 -0.013288 0.019161 0.896929 -0.441560
14.113350 -53.820114 -83.608765 -0.110226 -0.008423 0.018527 0.895761 -0.444071
14.217196 -54.360992 -84.334023 -0.098397 -0.006218 0.018021 0.894922 -0.445814
14.321019 -54.900799 -85.061394 -0.081645 -0.005594 0.017290 0.894029 -0.447640
14.424841 -55.437973 -85.786667 -0.066807 -0.005557 0.017583 0.892878 -0.449920
14.528642 -55.971512 -86.519913 -0.049314 -0.006302 0.016231 0.891507 -0.452673
14.632442 -56.501205 -87.258293 -0.030100 -0.008008 0.014825 0.890195 -0.455268
14.736242 -57.023239 -87.996170 -0.011852 -0.009057 0.014023 0.888781 -0.458028
14.839992 -57.528625 -88.740334 0.002490 -0.006989 0.010944 0.887385 -0.460847
14.943741 -58.026417 -89.485947 0.016374 -0.003831 0.008181 0.885906 -0.463777
15.047514 -58.526600 -90.224899 0.032219 -0.002772 0.009206 0.884265 -0.466886
15.151267 -59.027679 -90.966080 0.046639 -0.002054 0.011331 0.882511 -0.470151
15.255018 -59.519905 -91.716812 0.062460 -0.002385 0.010931 0.880855 -0.473255
15.358792 -60.011421 -92.472443 0.082770 -0.004391 0.009477 0.879128 -0.476471
15.462568 -60.497097 -93.233276 0.103387 -0.005458 0.008291 0.877342 -0.479763
15.566341 -60.972160 -93.990250 0.116909 -0.003592 0.008523 0.875720 -0.482731
15.670139 -61.441158 -94.752686 0.134329 -0.002368 0.009269 0.874135 -0.485589
15.773941 -61.905838 -95.517593 0.152811 -0.001159 0.009408 0.872439 -0.488631
15.877690 -62.365871 -96.288582 0.173821 -0.001536 0.008966 0.870684 -0.491759
15.981438 -62.826149 -97.058937 0.193842 -0.002629 0.010193 0.868678 -0.495265
16.085214 -63.282764 -97.830170 0.213163 -0.003634 0.011886 0.866665 -0.498736
16.188991 -63.728001 -98.607384 0.232116 0.004019 -0.012648 -0.864935 0.501708
16.292767 -64.160210 -99.391266 0.251877 0.002524 -0.010674 -0.863210 0.504725
16.396566 -64.586800 -100.179893 0.271452 0.001784 -0.008764 -0.861661 0.507405
16.500388 -65.017891 -100.964882 0.290584 0.002727 -0.009471 -0.860413 0.509503
16.604210 -65.446007 -101.751602 0.309840 0.003302 -0.010159 -0.859164 0.511588
16.708008 -65.868439 -102.537865 0.329989 0.002662 -0.011182 -0.857941 0.513620
16.811781 -66.295494 -103.326988 0.346528 0.005060 -0.012932 -0.856422 0.516090
16.915582 -66.722328 -104.115562 0.362062 0.008116 -0.015394 -0.854981 0.518367
17.019405 -67.136276 -104.906921 0.381921 0.009443 -0.016120 -0.853651 0.520510
17.123228 -67.540016 -105.701134 0.397243 0.008234 -0.016265 -0.852525 0.522369
17.227027 -67.939346 -106.493912 0.410472 0.006915 -0.016383 -0.851541 0.523986
17.330826 -68.335289 -107.290016 0.430316 0.006442 -0.015141 -0.851039 0.524844
17.434672 -68.731728 -108.086014 0.447851 0.006749 -0.014526 -0.850781 0.525276
17.538521 -69.133713 -108.879662 0.462734 0.008788 -0.014361 -0.850448 0.525789
17.642343 -69.534470 -109.677208 0.478859 0.010980 -0.012608 -0.850114 0.526333
17.746164 -69.931076 -110.469208 0.492000 0.012250 -0.011536 -0.849877 0.526713
17.849960 -70.323036 -111.248840 0.500638 0.010203 -0.013102 -0.849541 0.527262
17.953759 -70.713928 -112.027779 0.509758 0.008387 -0.014394 -0.849524 0.527286
18.057559 -71.100975 -112.809494 0.520766 0.007789 -0.013057 -0.849576 0.527248
18.161333 -71.488762 -113.590744 0.539640 0.007474 -0.012379 -0.849403 0.527546
18.265110 -71.880890 -114.366867 0.556856 0.008701 -0.013102 -0.849283 0.527704
18.368885 -72.266083 -115.137810 0.568416 0.007382 -0.013940 -0.849027 0.528113
18.472635 -72.631836 -115.912987 0.588029 0.004033 -0.011591 -0.849088 0.528108
18.576363 -72.995323 -116.682495 0.608029 0.001334 -0.009140 -0.849041 0.528246
18.680091 -73.368469 -117.445831 0.627369 0.000464 -0.011006 -0.848923 0.528402
18.783817 -73.741211 -118.203407 0.649589 0.000785 -0.011789 -0.848830 0.528533
18.887542 -74.108467 -118.955582 0.671863 0.000020 -0.012161 -0.848384 0.529242
18.991267 -74.483444 -119.707390 0.692975 0.002607 -0.014491 -0.847901 0.529951
19.095022 -74.856308 -120.453415 0.714064 0.005802 -0.016286 -0.846941 0.531406
19.198773 -75.223877 -121.204582 0.736122 0.009518 -0.016255 -0.846339 0.532311
19.302497 -75.579498 -121.948174 0.753616 0.010258 -0.016655 -0.845392 0.533788
19.406224 -75.929550 -122.684921 0.771900 0.008981 -0.018790 -0.844037 0.535881
19.509951 -76.270332 -123.420998 0.788032 0.007929 -0.019864 -0.842353 0.538501
19.613656 -76.602959 -124.156647 0.801256 0.007157 -0.021058 -0.840103 0.541971
19.717335 -76.928558 -124.899910 0.823840 0.009526 -0.020220 -0.837467 0.546031
19.820988 -77.246704 -125.638916 0.846881 0.011554 -0.021325 -0.834148 0.551008
19.924643 -77.555817 -126.373466 0.864856 0.011954 -0.024215 -0.830332 0.556614
20.028345 -77.847397 -127.111702 0.882142 0.011363 -0.024798 -0.826321 0.562538
20.132071 -78.129646 -127.851624 0.900847 0.011785 -0.025718 -0.822342 0.568291
20.235795 -78.400543 -128.584900 0.922891 0.011387 -0.027050 -0.818396 0.573905
20.339548 -78.655647 -129.315964 0.949903 0.008267 -0.027818 -0.814485 0.579459
20.443322 -78.889954 -130.042068 0.976979 0.002474 -0.028479 -0.810792 0.584636
20.547097 -79.116211 -130.766769 1.006023 -0.002353 -0.029624 -0.806801 0.590076
20.650898 -79.338326 -131.500854 1.041571 -0.003257 -0.030168 -0.802766 0.595521
20.754720 -79.548538 -132.241760 1.083680 -0.002765 -0.027960 -0.799161 0.600461
20.858596 -79.741791 -132.978531 1.128083 -0.002869 -0.025543 -0.795891 0.604894
20.962467 -79.923882 -133.704346 1.170288 -0.006086 -0.025907 -0.793024 0.608609
21.066332 -80.100029 -134.425446 1.208227 -0.010253 -0.027646 -0.790829 0.611327
21.170275 -80.271072 -135.153061 1.246262 -0.012675 -0.027390 -0.789758 0.612675
21.274244 -80.450363 -135.888306 1.293715 -0.012081 -0.025682 -0.789674 0.612870
21.378210 -80.631554 -136.622375 1.347651 -0.010559 -0.022914 -0.790204 0.612325
21.482175 -80.814079 -137.354355 1.391703 -0.008996 -0.022397 -0.791075 0.611242
21.586116 -80.997711 -138.080826 1.428614 -0.008338 -0.023439 -0.791924 0.610112
21.690060 -81.186707 -138.801697 1.471195 -0.008071 -0.023936 -0.793026 0.608664
21.794030 -81.373009 -139.530533 1.516428 -0.007500 -0.022717 -0.794473 0.606829
21.897973 -81.566483 -140.252121 1.554210 -0.007882 -0.022935 -0.796050 0.604744
22.001890 -81.761948 -140.972595 1.595534 -0.007551 -0.021837 -0.797829 0.602441
22.105786 -81.963318 -141.690826 1.640867 -0.005626 -0.021084 -0.799645 0.600076
22.209656 -82.164131 -142.397430 1.677304 -0.005993 -0.021220 -0.801205 0.597983
22.313503 -82.365623 -143.101135 1.714256 -0.006876 -0.020877 -0.802825 0.595810
22.417300 -82.569275 -143.798401 1.755066 -0.007945 -0.021003 -0.804097 0.594074
22.521051 -82.775749 -144.488480 1.796260 -0.008763 -0.021454 -0.804868 0.593001
22.624779 -82.985649 -145.171875 1.831105 -0.008839 -0.023054 -0.805421 0.592188
22.728482 -83.196587 -145.860184 1.871215 -0.007282 -0.024059 -0.805268 0.592377
22.832135 -83.405640 -146.546402 1.913920 -0.004955 -0.024005 -0.804232 0.593810
22.935741 -83.604004 -147.226852 1.956583 -0.004222 -0.024270 -0.802187 0.596565
23.039349 -83.797401 -147.899857 1.994568 -0.003790 -0.025960 -0.798881 0.600917
23.142980 -83.979790 -148.571350 2.029702 -0.003068 -0.027418 -0.794577 0.606536
23.246611 -84.146126 -149.242447 2.063501 -0.002484 -0.027274 -0.789918 0.612600
23.350242 -84.291847 -149.914948 2.099434 -0.001971 -0.023948 -0.784967 0.619071
23.453897 -84.431923 -150.584091 2.135946 0.000132 -0.021795 -0.779824 0.625619
23.557601 -84.564003 -151.250870 2.168814 0.002708 -0.019768 -0.774450 0.632320
23.661302 -84.682487 -151.916016 2.199009 0.005553 -0.017610 -0.768786 0.639240
23.765004 -84.785461 -152.575256 2.227091 0.007272 -0.015024 -0.763147 0.646010
23.868708 -84.876389 -153.226395 2.250337 0.008067 -0.014050 -0.757304 0.652861
23.972412 -84.959373 -153.874847 2.268335 0.008934 -0.014735 -0.751299 0.659737
24.076139 -85.025040 -154.510071 2.281422 0.008816 -0.014232 -0.745414 0.666391
24.179886 -85.076027 -155.149673 2.295595 0.007775 -0.012608 -0.739913 0.672539
24.283661 -85.120560 -155.783478 2.306685 0.008333 -0.010249 -0.734874 0.678075
24.387459 -85.165489 -156.417877 2.318752 0.010430 -0.010256 -0.730498 0.682758
24.491257 -85.202393 -157.046906 2.329560 0.011659 -0.011253 -0.726643 0.686825
24.595033 -85.218880 -157.667374 2.340572 0.009422 -0.010716 -0.723140 0.690554
24.698806 -85.227676 -158.281677 2.351719 0.005653 -0.011116 -0.720036 0.693825
24.802558 -85.241241 -158.887497 2.359888 0.002038 -0.014751 -0.716808 0.697111
24.906309 -85.258423 -159.495926 2.368292 0.000834 -0.019631 -0.713763 0.700111
25.010083 -85.267136 -160.111374 2.377756 0.001642 -0.019982 -0.711341 0.702561
25.113883 -85.262024 -160.738953 2.396744 0.003414 -0.016408 -0.709132 0.704876
25.217682 -85.254059 -161.370255 2.417337 0.006315 -0.011078 -0.707443 0.706656
25.321481 -85.246223 -162.001862 2.438941 0.009056 -0.006850 -0.706590 0.707533
25.425304 -85.245552 -162.624115 2.450153 0.010601 -0.007927 -0.706174 0.707915
25.529101 -85.244270 -163.242615 2.456348 0.010559 -0.010444 -0.705697 0.708358
25.632877 -85.244255 -163.862320 2.456202 0.011660 -0.012014 -0.705102 0.708909
25.736630 -85.237427 -164.486160 2.456626 0.011482 -0.010649 -0.704473 0.709558
25.840335 -85.227707 -165.114868 2.462605 0.012965 -0.009278 -0.703456 0.710560
25.944014 -85.213264 -165.752762 2.472574 0.014941 -0.007368 -0.702257 0.711729
26.047690 -85.196373 -166.394623 2.479764 0.016459 -0.006689 -0.700713 0.713222
26.151369 -85.175171 -167.040588 2.482474 0.017523 -0.007029 -0.698388 0.715471
26.255049 -85.150642 -167.687790 2.484115 0.019070 -0.006857 -0.695401 0.718336
26.358727 -85.120453 -168.332932 2.483447 0.020252 -0.007184 -0.691776 0.721792
26.462429 -85.078903 -168.977432 2.483161 0.019467 -0.007396 -0.687613 0.725779
26.566155 -85.023361 -169.622787 2.484382 0.017650 -0.008145 -0.683237 0.729937
26.669857 -84.962822 -170.275284 2.484947 0.016080 -0.009181 -0.678795 0.734094
26.773560 -84.893730 -170.937210 2.489996 0.015857 -0.010109 -0.674201 0.738309
26.877287 -84.816574 -171.607819 2.496858 0.017137 -0.009622 -0.669632 0.742433
26.980989 -84.722458 -172.275131 2.504441 0.017242 -0.008347 -0.665204 0.746415
27.084692 -84.623299 -172.940689 2.507100 0.017167 -0.007632 -0.660582 0.750519
27.188468 -84.518684 -173.619690 2.509492 0.016559 -0.005150 -0.656660 0.753987
27.292266 -84.409332 -174.299896 2.510446 0.015248 -0.004069 -0.653619 0.756659
27.396089 -84.299316 -174.994339 2.514686 0.015794 -0.002617 -0.651680 0.758325
27.499960 -84.195923 -175.700912 2.513634 0.017952 -0.002098 -0.650588 0.759216
27.603830 -84.091858 -176.402161 2.508484 0.018449 -0.004756 -0.650413 0.759342
27.707725 -83.982666 -177.112259 2.503159 0.018822 -0.005243 -0.650891 0.758920
27.811619 -83.877785 -177.834946 2.499241 0.019255 -0.007445 -0.651206 0.758620
27.915465 -83.779037 -178.572250 2.495775 0.020524 -0.009068 -0.651265 0.758519
28.019312 -83.677399 -179.312836 2.492773 0.023523 -0.008022 -0.651427 0.758304
28.123158 -83.573700 -180.056610 2.489286 0.024879 -0.007109 -0.651797 0.757952
28.226986 -83.466675 -180.799133 2.486415 0.025802 -0.006021 -0.652418 0.757396
28.330811 -83.358620 -181.543365 2.476573 0.025987 -0.005761 -0.652979 0.756908
28.434631 -83.249039 -182.286942 2.466492 0.025695 -0.005067 -0.653778 0.756233
28.538428 -83.142288 -183.026566 2.458004 0.025230 -0.005001 -0.654505 0.755620
28.642203 -83.037689 -183.766144 2.448772 0.024321 -0.006341 -0.655082 0.755140
28.745964 -82.936470 -184.501205 2.433974 0.022403 -0.009244 -0.655480 0.754823
28.849716 -82.829971 -185.238358 2.421490 0.020565 -0.009611 -0.655952 0.754462
28.953455 -82.722168 -185.979904 2.413138 0.021000 -0.008017 -0.656525 0.753969
29.057183 -82.615822 -186.720673 2.405057 0.021775 -0.005633 -0.656927 0.753619
29.160933 -82.507378 -187.460297 2.399114 0.020946 -0.003818 -0.657926 0.752781
29.264708 -82.402191 -188.199570 2.390255 0.020061 -0.002493 -0.659797 0.751172
29.368506 -82.309822 -188.937531 2.378193 0.020613 -0.002364 -0.662378 0.748882
29.472327 -82.224464 -189.676498 2.369162 0.020830 -0.002102 -0.665812 0.745826
29.576151 -82.150337 -190.410782 2.362686 0.021247 -0.003157 -0.669737 0.742288
29.679998 -82.080818 -191.150253 2.357726 0.020215 -0.004329 -0.673948 0.738490
29.783870 -82.015343 -191.889618 2.351814 0.019194 -0.003449 -0.678482 0.734358
29.887717 -81.966400 -192.634750 2.344289 0.022917 -0.002146 -0.682680 0.730355
29.991516 -81.931892 -193.382523 2.333782 0.027702 -0.000883 -0.685818 0.727246
30.095266 -81.894913 -194.123505 2.315614 0.030245 0.000739 -0.688525 0.724581
30.198972 -81.852005 -194.865646 2.293215 0.029394 0.003672 -0.690308 0.722909
30.302650 -81.819901 -195.608215 2.269234 0.030135 0.004425 -0.691270 0.721954
30.406309 -81.788086 -196.358841 2.243510 0.030783 0.004205 -0.691900 0.721324
30.509963 -81.753258 -197.105209 2.213360 0.030241 0.003614 -0.692308 0.720959
30.613658 -81.714180 -197.857697 2.183151 0.028563 0.004069 -0.692549 0.720794
30.717362 -81.680260 -198.614868 2.159211 0.028631 0.004841 -0.692402 0.720928
30.821040 -81.652000 -199.375031 2.141604 0.028845 0.005532 -0.691718 0.721571
30.924741 -81.624123 -200.136551 2.123191 0.029795 0.005620 -0.691158 0.722067
31.028467 -81.598114 -200.901627 2.102331 0.031021 0.004441 -0.690518 0.722636
31.132197 -81.563751 -201.673889 2.077623 0.031784 0.004289 -0.689376 0.723694
31.235925 -81.520531 -202.448441 2.055484 0.032154 0.005284 -0.687746 0.725220
31.339629 -81.467331 -203.229538 2.026689 0.033015 0.007858 -0.685765 0.727032
31.443331 -81.411888 -204.009308 1.993478 0.034102 0.009672 -0.683685 0.728916
31.547032 -81.350868 -204.791260 1.961605 0.034153 0.010068 -0.681950 0.730532
31.650760 -81.279297 -205.574615 1.932917 0.031239 0.011614 -0.680337 0.732141
31.754510 -81.203583 -206.357635 1.893687 0.027918 0.010819 -0.678667 0.733835
31.858212 -81.126228 -207.144073 1.860856 0.025720 0.011304 -0.676944 0.735498
31.961917 -81.046562 -207.936096 1.835468 0.025046 0.012490 -0.675170 0.737131
32.065644 -80.962700 -208.724503 1.808109 0.023939 0.012895 -0.673608 0.738588
32.169371 -80.877594 -209.518738 1.782486 0.022826 0.011917 -0.672048 0.740060
32.273098 -80.791748 -210.314194 1.760211 0.022538 0.011663 -0.670246 0.741705
32.376823 -80.703377 -211.109100 1.735875 0.023043 0.012436 -0.668388 0.743351
32.480523 -80.615356 -211.896866 1.704929 0.024028 0.010989 -0.666643 0.744909
32.584202 -80.525307 -212.679871 1.670458 0.024767 0.009430 -0.664898 0.746464
32.687906 -80.424660 -213.462189 1.633387 0.023789 0.008665 -0.663243 0.747976
32.791633 -80.313828 -214.247925 1.599923 0.022850 0.010885 -0.661515 0.749505
32.895360 -80.200310 -215.029266 1.559575 0.022191 0.012791 -0.659626 0.751158
32.999086 -80.092125 -215.801270 1.524754 0.021836 0.010854 -0.658012 0.752612
33.102813 -79.979805 -216.570679 1.487835 0.019950 0.007672 -0.656456 0.754062
33.206565 -79.855309 -217.342789 1.453160 0.016221 0.007461 -0.655189 0.755254
33.310340 -79.726105 -218.125427 1.425234 0.014743 0.010867 -0.653933 0.756331
33.414089 -79.603783 -218.916367 1.400081 0.017971 0.015050 -0.652692 0.757260
33.517815 -79.485115 -219.710251 1.367555 0.023289 0.018030 -0.651713 0.757893
33.621541 -79.356773 -220.504044 1.332733 0.026039 0.021799 -0.650899 0.758404
33.725244 -79.226822 -221.292908 1.298475 0.026690 0.024219 -0.649989 0.759089
33.828923 -79.099251 -222.071533 1.254679 0.025364 0.022083 -0.648890 0.760139
33.932601 -78.970551 -222.848709 1.208414 0.023509 0.018976 -0.647296 0.761640
34.036304 -78.833473 -223.627625 1.165724 0.021916 0.016982 -0.645579 0.763190
34.140007 -78.693939 -224.406448 1.129654 0.021517 0.015458 -0.643844 0.764698
34.243711 -78.550819 -225.182999 1.089354 0.020814 0.014192 -0.642146 0.766168
34.347413 -78.404396 -225.966064 1.052188 0.021620 0.013757 -0.640468 0.767557
34.451091 -78.253067 -226.755707 1.020820 0.023473 0.015586 -0.638936 0.768744
34.554794 -78.100777 -227.547592 0.991234 0.025923 0.017000 -0.637547 0.769788
34.658544 -77.945518 -228.342712 0.956871 0.028318 0.018454 -0.636364 0.770648
34.762320 -77.787178 -229.137894 0.916074 0.030706 0.019822 -0.635395 0.771322
34.866073 -77.627220 -229.937332 0.874589 0.033496 0.021993 -0.634583 0.771816
34.969795 -77.463524 -230.731293 0.825811 0.033836 0.022617 -0.633812 0.772415
35.073520 -77.289536 -231.509109 0.782163 0.028588 0.022464 -0.633283 0.773066
35.177249 -77.121094 -232.285080 0.730111 0.023191 0.018071 -0.633137 0.773481
35.280953 -76.958694 -233.062714 0.678042 0.019920 0.013884 -0.632912 0.773843
35.384635 -76.794113 -233.854065 0.634015 0.020545 0.014486 -0.632887 0.773836
35.488337 -76.624947 -234.651733 0.601740 0.022376 0.017567 -0.632689 0.773883
35.592040 -76.459877 -235.446014 0.563611 0.023465 0.017729 -0.632088 0.774338
35.695718 -76.296997 -236.238449 0.525008 0.024082 0.016164 -0.631644 0.774716
35.799397 -76.134323 -237.038757 0.492203 0.025612 0.014601 -0.631006 0.775217
35.903100 -75.966965 -237.841354 0.457847 0.027406 0.016261 -0.630272 0.775720
36.006822 -75.794464 -238.639954 0.418144 0.028055 0.018525 -0.629769 0.776055
36.110550 -75.620064 -239.435379 0.374243 0.027278 0.018562 -0.629334 0.776434
36.214306 -75.446213 -240.228851 0.331823 0.026427 0.016816 -0.628872 0.776878
36.318057 -75.269142 -241.020981 0.285698 0.025774 0.015549 -0.628231 0.777444
36.421807 -75.094131 -241.816422 0.236436 0.027313 0.015104 -0.627380 0.778087
36.525556 -74.914490 -242.611908 0.183324 0.028561 0.016392 -0.625858 0.779241
36.629307 -74.728348 -243.408157 0.137696 0.029312 0.016993 -0.624212 0.780520
36.733058 -74.541496 -244.201370 0.082221 0.030029 0.016218 -0.622333 0.782008
36.836786 -74.349846 -244.990524 0.028758 0.029316 0.015718 -0.620500 0.783500
36.940537 -74.148148 -245.776855 -0.025970 0.026775 0.016299 -0.618784 0.784936
37.044263 -73.950317 -246.560608 -0.073750 0.025168 0.014327 -0.616624 0.786725
37.147943 -73.751320 -247.351578 -0.120691 0.025964 0.011938 -0.613335 0.789306
37.251623 -73.543488 -248.140121 -0.161515 0.027040 0.010045 -0.609458 0.792294
37.355253 -73.327354 -248.928253 -0.200698 0.029276 0.008585 -0.604875 0.795736
37.458883 -73.099487 -249.710556 -0.243651 0.030015 0.007364 -0.599009 0.800146
37.562563 -72.851830 -250.491714 -0.284114 0.030266 0.007997 -0.592786 0.804751
37.666239 -72.593613 -251.272171 -0.326988 0.032019 0.009073 -0.586410 0.809330
37.769966 -72.320305 -252.048935 -0.364573 0.032596 0.011485 -0.580184 0.813752
37.873766 -72.033043 -252.816849 -0.405609 0.030910 0.012922 -0.574834 0.817584
37.977588 -71.737389 -253.576202 -0.448262 0.027797 0.013332 -0.570447 0.820756
38.081435 -71.436386 -254.332413 -0.492337 0.024820 0.013707 -0.567439 0.822927
38.185354 -71.129601 -255.090408 -0.533914 0.022349 0.015146 -0.566337 0.823732
38.289345 -70.822777 -255.848175 -0.566450 0.018531 0.016575 -0.567714 0.822850
38.393360 -70.523163 -256.604401 -0.602746 0.014430 0.017452 -0.571142 0.820539
38.497397 -70.239899 -257.363373 -0.639222 0.011507 0.016627 -0.575735 0.817386
38.601435 -69.977089 -258.130951 -0.678455 0.012926 0.014048 -0.580979 0.813695
38.705451 -69.719719 -258.907776 -0.712600 0.014830 0.014532 -0.585782 0.810203
38.809418 -69.461006 -259.682831 -0.741737 0.013766 0.016343 -0.590539 0.806726
38.913313 -69.219490 -260.460236 -0.775478 0.014915 0.016511 -0.595059 0.803374
39.017185 -68.994232 -261.238678 -0.812312 0.016207 0.014103 -0.598944 0.800503
39.121054 -68.771324 -262.018402 -0.844121 0.016728 0.012384 -0.603137 0.797366
39.224877 -68.546631 -262.804596 -0.873692 0.015544 0.012649 -0.606679 0.794694
39.328627 -68.329163 -263.593018 -0.906125 0.015211 0.014014 -0.609631 0.792415
39.432353 -68.112450 -264.386993 -0.940511 0.015615 0.017053 -0.612006 0.790515
39.536083 -67.901588 -265.185547 -0.974032 0.016733 0.019835 -0.614257 0.788679
39.639785 -67.695633 -265.987152 -1.016605 0.018452 0.021831 -0.616063 0.787178
39.743487 -67.491356 -266.783203 -1.059853 0.016842 0.022232 -0.617440 0.786124
39.847213 -67.287102 -267.574158 -1.101320 0.012086 0.021000 -0.618720 0.785238
39.950940 -67.089783 -268.365082 -1.142617 0.007396 0.016634 -0.619569 0.784731
40.054642 -66.894402 -269.161896 -1.186601 0.005185 0.013337 -0.620278 0.784252
40.158346 -66.695816 -269.969666 -1.223791 0.004369 0.013783 -0.620881 0.783771
40.262097 -66.495468 -270.786926 -1.248793 0.004990 0.016297 -0.621303 0.783385
40.365848 -66.301476 -271.605530 -1.278133 0.006394 0.016552 -0.621348 0.783334
40.469574 -66.109276 -272.431641 -1.306821 0.008399 0.016152 -0.620970 0.783623
40.573302 -65.906807 -273.260498 -1.332027 0.009557 0.017042 -0.620224 0.784181
40.677005 -65.699715 -274.091370 -1.358637 0.010390 0.017415 -0.618729 0.785343
40.780682 -65.490181 -274.925873 -1.386934 0.010278 0.016994 -0.616858 0.786824
40.884358 -65.274551 -275.761536 -1.413716 0.010231 0.017301 -0.615132 0.788168
40.988036 -65.049240 -276.600647 -1.432762 0.008824 0.018389 -0.613519 0.789417
41.091692 -64.824120 -277.434692 -1.458140 0.007782 0.018065 -0.611667 0.790871
41.195350 -64.604172 -278.274841 -1.480033 0.008397 0.014988 -0.609694 0.792451
41.299030 -64.381088 -279.116333 -1.491921 0.008018 0.012695 -0.607313 0.794321
41.402707 -64.149277 -279.961578 -1.501639 0.007803 0.011132 -0.604367 0.796590
41.506418 -63.902740 -280.812378 -1.517085 0.008282 0.011734 -0.600776 0.799289
41.610121 -63.640430 -281.665283 -1.530818 0.008629 0.014903 -0.597465 0.801710
41.713816 -63.370190 -282.524719 -1.547549 0.009406 0.018207 -0.594119 0.804116
41.817520 -63.085793 -283.386993 -1.570897 0.010136 0.022247 -0.590688 0.806530
41.921204 -62.798717 -284.247345 -1.593261 0.010329 0.024014 -0.587306 0.808943
42.024884 -62.508194 -285.099792 -1.624000 0.009625 0.023121 -0.583648 0.811620
42.128581 -62.209488 -285.944275 -1.660162 0.008075 0.019599 -0.580012 0.814332
42.232282 -61.914555 -286.781128 -1.697950 0.005676 0.015950 -0.576336 0.817038
42.335961 -61.615963 -287.619354 -1.729225 0.005376 0.011852 -0.572960 0.819480
42.439664 -61.311047 -288.461914 -1.755572 0.006257 0.008125 -0.569503 0.821925
42.543367 -60.999237 -289.309875 -1.777577 0.009817 0.006330 -0.566144 0.824224
42.647046 -60.692486 -290.174500 -1.787036 0.013055 0.006562 -0.562247 0.826840
42.750748 -60.368599 -291.041351 -1.799545 0.016841 0.008520 -0.558329 0.829405
42.854474 -60.040821 -291.906433 -1.816586 0.019098 0.009357 -0.554480 0.831925
42.958225 -59.689034 -292.764679 -1.839972 0.019781 0.010638 -0.551095 0.834140
43.062000 -59.333752 -293.676941 -1.810506 0.018304 0.012026 -0.547618 0.836442
43.165775 -58.964531 -294.612213 -1.760349 0.016613 0.014274 -0.544321 0.838591
43.269551 -58.600761 -295.552643 -1.708262 0.018048 0.014125 -0.541873 0.840148
43.373326 -58.226189 -296.466644 -1.678106 0.017493 0.014063 -0.539522 0.841672
43.477076 -57.847588 -297.368561 -1.661939 0.017328 0.011893 -0.537286 0.843139
43.580802 -57.463875 -298.271118 -1.637181 0.016379 0.009114 -0.534582 0.844909
43.684531 -57.065899 -299.165405 -1.626274 0.016796 0.009000 -0.532343 0.846314
43.788258 -56.650967 -300.060516 -1.612371 0.016467 0.011880 -0.530072 0.847710
43.891982 -56.226189 -300.947357 -1.610336 0.017096 0.015131 -0.527828 0.849045
43.995710 -55.801048 -301.833618 -1.611821 0.017163 0.014437 -0.525409 0.850554
44.099461 -55.368904 -302.695892 -1.619993 0.014772 0.013034 -0.523105 0.852041
44.203214 -54.929764 -303.565674 -1.621216 0.013293 0.011080 -0.520734 0.853544
44.306963 -54.496891 -304.431580 -1.626747 0.015162 0.008477 -0.518358 0.854987
44.410712 -54.056080 -305.299835 -1.628630 0.017470 0.008238 -0.515896 0.856433
44.514438 -53.611290 -306.155518 -1.634919 0.020231 0.006894 -0.513348 0.857914
44.618165 -53.159782 -307.011658 -1.642728 0.022237 0.005453 -0.510414 0.859624
44.721893 -52.706650 -307.862305 -1.651578 0.025319 0.004273 -0.507762 0.861115
44.825643 -52.241058 -308.704010 -1.658369 0.025400 0.005030 -0.505272 0.862572
44.929417 -51.765419 -309.538452 -1.668119 0.024919 0.005917 -0.503306 0.863729
45.033167 -51.294163 -310.365143 -1.679961 0.024637 0.004616 -0.500872 0.865158
45.136896 -50.809326 -311.189880 -1.689953 0.023053 0.004873 -0.498602 0.866511
45.240647 -50.331493 -312.012970 -1.706164 0.025651 0.004145 -0.496175 0.867834
45.344420 -49.843727 -312.830505 -1.713549 0.025577 0.005221 -0.493230 0.869507
45.448194 -49.354595 -313.638397 -1.726197 0.025350 0.004003 -0.491107 0.870721
45.551970 -48.865425 -314.450043 -1.739579 0.026852 0.002784 -0.488546 0.872120
45.655770 -48.363781 -315.258118 -1.750463 0.026643 0.004704 -0.486517 0.873252
45.759571 -47.852642 -316.059540 -1.758211 0.024389 0.007734 -0.484868 0.874213
45.863343 -47.346237 -316.859802 -1.776797 0.023992 0.008603 -0.483089 0.875200
45.967140 -46.842178 -317.664185 -1.798454 0.026327 0.009915 -0.481830 0.875813
46.070964 -46.334854 -318.458008 -1.812149 0.025569 0.011435 -0.480552 0.876519
46.174787 -45.830391 -319.250854 -1.829753 0.024081 0.008597 -0.479713 0.877053
46.278608 -45.331867 -320.039825 -1.850489 0.023335 0.004927 -0.479335 0.877308
46.382454 -44.827354 -320.831818 -1.865601 0.023277 0.004281 -0.479587 0.877175
46.486302 -44.317261 -321.628632 -1.877519 0.023447 0.005944 -0.480103 0.876879
46.590127 -43.807285 -322.430450 -1.893662 0.024342 0.007967 -0.480850 0.876429
46.693974 -43.297626 -323.236694 -1.912441 0.024928 0.008972 -0.482263 0.875626
46.797869 -42.792519 -324.043610 -1.932855 0.024513 0.009012 -0.484478 0.874413
46.901764 -42.288864 -324.849609 -1.953402 0.021948 0.008322 -0.487261 0.872941
47.005610 -41.792301 -325.660553 -1.973160 0.019827 0.007167 -0.490505 0.871183
47.109455 -41.301704 -326.483734 -1.990729 0.019716 0.005934 -0.493745 0.869363
47.213302 -40.812019 -327.313293 -2.004593 0.019381 0.006565 -0.497377 0.867293
47.317124 -40.330818 -328.148834 -2.018106 0.019786 0.006468 -0.500998 0.865198
47.420949 -39.849758 -328.992249 -2.036379 0.019269 0.008908 -0.504354 0.863236
47.524747 -39.374058 -329.845642 -2.057899 0.020635 0.012172 -0.508103 0.860963
47.628519 -38.900318 -330.704315 -2.081126 0.020889 0.016199 -0.511922 0.858625
47.732295 -38.438534 -331.558014 -2.110863 0.019325 0.016080 -0.515878 0.856293
47.836048 -37.988831 -332.414581 -2.143212 0.017076 0.012840 -0.519332 0.854305
47.939774 -37.546867 -333.281342 -2.170869 0.016129 0.010227 -0.522592 0.852369
48.043485 -37.109306 -334.158539 -2.192898 0.017015 0.009659 -0.525744 0.850418
48.147189 -36.673222 -335.045715 -2.212362 0.018043 0.010895 -0.528667 0.848568
48.250882 -36.240986 -335.935181 -2.232854 0.018421 0.011846 -0.531323 0.846886
48.354584 -35.814785 -336.830902 -2.258007 0.019298 0.012220 -0.533758 0.845329
48.458309 -35.387554 -337.730530 -2.284307 0.019070 0.013261 -0.536095 0.843838
48.562011 -34.958527 -338.632538 -2.311773 0.017929 0.014717 -0.538443 0.842342
48.665691 -34.537361 -339.538239 -2.340402 0.017114 0.015487 -0.540608 0.840958
48.769370 -34.119659 -340.449402 -2.368254 0.016244 0.016082 -0.542556 0.839709
48.873075 -33.704964 -341.365234 -2.397618 0.015422 0.016285 -0.544542 0.838434
48.976779 -33.291756 -342.284729 -2.429232 0.014287 0.016672 -0.546484 0.837181
49.080457 -32.888203 -343.208801 -2.459826 0.014987 0.016479 -0.548194 0.836054
49.184135 -32.482491 -344.139313 -2.491408 0.015177 0.016701 -0.549787 0.835000
49.287837 -32.081367 -345.068695 -2.524957 0.015313 0.017248 -0.551372 0.833941
49.391538 -31.681276 -346.000031 -2.556615 0.014626 0.018448 -0.552835 0.832958
49.495241 -31.283817 -346.933167 -2.587236 0.014489 0.019665 -0.554481 0.831838
49.598969 -30.892263 -347.864319 -2.617143 0.013691 0.019964 -0.556075 0.830780
49.702672 -30.507360 -348.796051 -2.647869 0.012732 0.018737 -0.557721 0.829719
49.806326 -30.124872 -349.731049 -2.679234 0.012858 0.018509 -0.558808 0.828991
49.909979 -29.746286 -350.673370 -2.707751 0.015788 0.019449 -0.559277 0.828602
50.013650 -29.370243 -351.620789 -2.740426 0.019965 0.021594 -0.559433 0.828353
50.117346 -28.993694 -352.567749 -2.781044 0.022280 0.023383 -0.559699 0.828066
50.221073 -28.619293 -353.507904 -2.823273 0.022635 0.022859 -0.560146 0.827769
50.324811 -28.251528 -354.442810 -2.866576 0.021617 0.019305 -0.560547 0.827615
50.428515 -27.884054 -355.378113 -2.904783 0.020133 0.015732 -0.561007 0.827416
50.532208 -27.519789 -356.316803 -2.936921 0.020382 0.013538 -0.561559 0.827075
50.635921 -27.153831 -357.264618 -2.964382 0.022008 0.013495 -0.562102 0.826665
50.739632 -26.793198 -358.215454 -2.989894 0.024881 0.014256 -0.562587 0.826241
50.843358 -26.431604 -359.165894 -3.020190 0.027359 0.015136 -0.562862 0.825960
50.947051 -26.069283 -360.115173 -3.054975 0.029275 0.015629 -0.563129 0.825702
51.050696 -25.707903 -361.059509 -3.090761 0.030041 0.015759 -0.563306 0.825551
51.154349 -25.345289 -362.003662 -3.127499 0.029999 0.014554 -0.563351 0.825545
51.258036 -24.984882 -362.945831 -3.165101 0.029813 0.012724 -0.563341 0.825588
51.361724 -24.620514 -363.891724 -3.202388 0.030164 0.012568 -0.563259 0.825634
51.465403 -24.258326 -364.841309 -3.237588 0.031830 0.013356 -0.563325 0.825514
51.569084 -23.896023 -365.786591 -3.274859 0.032690 0.013892 -0.563497 0.825354
51.672764 -23.535425 -366.731964 -3.312266 0.032650 0.012651 -0.563837 0.825144
51.776442 -23.173866 -367.675903 -3.352004 0.032566 0.011566 -0.564102 0.824981
51.880120 -22.813328 -368.621643 -3.389822 0.033358 0.011249 -0.564318 0.824806
51.983823 -22.450253 -369.568481 -3.426744 0.034430 0.012115 -0.564304 0.824760
52.087550 -22.089746 -370.512604 -3.467151 0.035895 0.011652 -0.564179 0.824789
52.191277 -21.729902 -371.454712 -3.508547 0.037759 0.011121 -0.563933 0.824882
52.295025 -21.370644 -372.394226 -3.551526 0.040184 0.010308 -0.563677 0.824953
52.398799 -21.015095 -373.329987 -3.595858 0.043284 0.009375 -0.563282 0.825077
52.502575 -20.661457 -374.263733 -3.642833 0.046463 0.007642 -0.562897 0.825185
52.606352 -20.301027 -375.190704 -3.690999 0.048259 0.007308 -0.562269 0.825512
52.710078 -19.940866 -376.112946 -3.741280 0.050013 0.006886 -0.561707 0.825794
52.813804 -19.580322 -377.025879 -3.789856 0.050995 0.007316 -0.561079 0.826158
52.917555 -19.223366 -377.928589 -3.838324 0.051609 0.007732 -0.560411 0.826569
53.021295 -18.868433 -378.821442 -3.887403 0.052221 0.007122 -0.559724 0.827001
53.125021 -18.515476 -379.702820 -3.934272 0.052969 0.007147 -0.558972 0.827462
53.228710 -18.164942 -380.571198 -3.980401 0.053965 0.008001 -0.558219 0.827898
53.332413 -17.816395 -381.427032 -4.026866 0.054390 0.009953 -0.557695 0.828202
53.436163 -17.466755 -382.270081 -4.076391 0.054687 0.014130 -0.557441 0.828293
53.539919 -17.118971 -383.092712 -4.126858 0.053528 0.018679 -0.557466 0.828262
53.643672 -16.777006 -383.901093 -4.180388 0.051609 0.021854 -0.557677 0.828164
53.747420 -16.443487 -384.689911 -4.239029 0.049381 0.024399 -0.557928 0.828060
53.851169 -16.118793 -385.465179 -4.296387 0.047002 0.026350 -0.558295 0.827891
53.954919 -15.804041 -386.225433 -4.353031 0.045176 0.027211 -0.558749 0.827658
54.058621 -15.501713 -386.970184 -4.407310 0.044061 0.027130 -0.559093 0.827488
54.162300 -15.207044 -387.706818 -4.461061 0.043660 0.026118 -0.559393 0.827340
54.266002 -14.919341 -388.434357 -4.511069 0.043988 0.025827 -0.559625 0.827175
54.369705 -14.635100 -389.149841 -4.557860 0.043609 0.025737 -0.559885 0.827021
54.473408 -14.354395 -389.854065 -4.603785 0.043272 0.025960 -0.560645 0.826517
54.577160 -14.080520 -390.546783 -4.651381 0.043034 0.026586 -0.562058 0.825550
54.680934 -13.812035 -391.231964 -4.697103 0.041859 0.028259 -0.564345 0.823993
54.784732 -13.556402 -391.907898 -4.740409 0.041852 0.029350 -0.567193 0.821997
54.888530 -13.311812 -392.572174 -4.782320 0.040619 0.029954 -0.569962 0.820120
54.992304 -13.073030 -393.229523 -4.823839 0.038211 0.028803 -0.573047 0.818124
55.096102 -12.840606 -393.885620 -4.866602 0.035021 0.027367 -0.576463 0.815913
55.199927 -12.615767 -394.551147 -4.911664 0.033597 0.026705 -0.580540 0.813100
55.303727 -12.396358 -395.226990 -4.953314 0.033519 0.027611 -0.585278 0.809669
55.407501 -12.178329 -395.914062 -4.994153 0.034166 0.031469 -0.590110 0.805985
55.511275 -11.969963 -396.605774 -5.040581 0.035789 0.034261 -0.594616 0.802482
55.615016 -11.769337 -397.304871 -5.090795 0.037349 0.036320 -0.599215 0.798891
55.718744 -11.576661 -398.006439 -5.145916 0.038514 0.036778 -0.603752 0.795391
55.822479 -11.390865 -398.711121 -5.205152 0.039076 0.035678 -0.608164 0.792046
55.926210 -11.214195 -399.418488 -5.265089 0.039445 0.033206 -0.611852 0.789290
56.029940 -11.046077 -400.133728 -5.328056 0.040192 0.029363 -0.615039 0.786924
56.133687 -10.879927 -400.857422 -5.391802 0.041911 0.026372 -0.617707 0.784848
56.237434 -10.712603 -401.594391 -5.456964 0.045404 0.026393 -0.619955 0.782878
56.341185 -10.543694 -402.346832 -5.523095 0.050751 0.030727 -0.621738 0.780975
56.444959 -10.366335 -403.108185 -5.593774 0.055399 0.037327 -0.623045 0.779328
56.548732 -10.189299 -403.875885 -5.673347 0.059454 0.044388 -0.624795 0.777255
56.652507 -10.020544 -404.639923 -5.762098 0.061135 0.046394 -0.627031 0.775205
56.756283 -9.854939 -405.404419 -5.859490 0.059966 0.045912 -0.629361 0.773434
56.860081 -9.693519 -406.175110 -5.959824 0.059397 0.045253 -0.631962 0.771394
56.963855 -9.540737 -406.956879 -6.064672 0.062412 0.045379 -0.634317 0.769212
57.067606 -9.393379 -407.743317 -6.173148 0.065645 0.046863 -0.636608 0.766959
57.171356 -9.255375 -408.531677 -6.282494 0.068720 0.047072 -0.639103 0.764597
57.275085 -9.121260 -409.312012 -6.393095 0.070897 0.046867 -0.641210 0.762644
57.378836 -8.988934 -410.084106 -6.509393 0.071277 0.045742 -0.643640 0.760628
57.482609 -8.859821 -410.853699 -6.623985 0.071146 0.045028 -0.646112 0.758584
57.586361 -8.733424 -411.619507 -6.737716 0.071085 0.045578 -0.648663 0.756376
57.690138 -8.615034 -412.378906 -6.848221 0.070818 0.046574 -0.651860 0.753588
57.793958 -8.506938 -413.134155 -6.958038 0.070974 0.046603 -0.655529 0.750382
57.897782 -8.412967 -413.881104 -7.065029 0.071744 0.046037 -0.659548 0.746813
58.001605 -8.323305 -414.622162 -7.170034 0.072276 0.046258 -0.663583 0.743165
58.105428 -8.241778 -415.354065 -7.274822 0.072454 0.047087 -0.667465 0.739611
58.209227 -8.174586 -416.073242 -7.378883 0.073118 0.045801 -0.671447 0.736013
58.313027 -8.112217 -416.782898 -7.479329 0.071620 0.044425 -0.675584 0.732450
58.416871 -8.051481 -417.484619 -7.578473 0.067109 0.042800 -0.680453 0.728456
58.520741 -7.997070 -418.188141 -7.673831 0.061494 0.042898 -0.685937 0.723788
58.624634 -7.960966 -418.894836 -7.765712 0.058270 0.042318 -0.692196 0.718108
58.728530 -7.950137 -419.597046 -7.855008 0.057724 0.040502 -0.699276 0.711366
58.832404 -7.956305 -420.298645 -7.941387 0.057124 0.038498 -0.706803 0.704049
58.936300 -7.982483 -421.002838 -8.024641 0.056325 0.034896 -0.714572 0.696417
59.040171 -8.026647 -421.710846 -8.102011 0.055661 0.030744 -0.722054 0.688908
59.144017 -8.088649 -422.429260 -8.178713 0.056222 0.026667 -0.729316 0.681342
59.247839 -8.162857 -423.154388 -8.257967 0.057161 0.024647 -0.736062 0.674046
59.351568 -8.246582 -423.889984 -8.337156 0.059222 0.025535 -0.742157 0.667116
59.455271 -8.336625 -424.633118 -8.416951 0.061713 0.028927 -0.747147 0.661156
59.558975 -8.442696 -425.377899 -8.503182 0.066495 0.031379 -0.751232 0.655930
59.662653 -8.552979 -426.123932 -8.591651 0.069129 0.033068 -0.754413 0.651912
59.766355 -8.662807 -426.873901 -8.681056 0.069574 0.034901 -0.757019 0.648740
59.870078 -8.775388 -427.628052 -8.775799 0.069034 0.037300 -0.759462 0.645802
59.973803 -8.898664 -428.384735 -8.877407 0.070680 0.039461 -0.761812 0.642720
60.077556 -9.025155 -429.136292 -8.976117 0.069969 0.041945 -0.763986 0.640055
60.181331 -9.137908 -429.879730 -9.065732 0.062180 0.044800 -0.766387 0.637791
60.285081 -9.256677 -430.613586 -9.158239 0.052184 0.042218 -0.768940 0.635787
60.388831 -9.395670 -431.350708 -9.258558 0.046341 0.035827 -0.770730 0.634463
60.492583 -9.529765 -432.110168 -9.348724 0.043847 0.037174 -0.772015 0.632999
60.596263 -9.661303 -432.889130 -9.427450 0.045021 0.044477 -0.772053 0.632400
60.699918 -9.802777 -433.660522 -9.505519 0.047289 0.047623 -0.771292 0.632933
60.803620 -9.936760 -434.409058 -9.576427 0.040952 0.045119 -0.770761 0.634204
60.907322 -10.065233 -435.141174 -9.645935 0.030589 0.037556 -0.770297 0.635844
61.011002 -10.195831 -435.872314 -9.717885 0.021775 0.030990 -0.768902 0.638243
61.114704 -10.327090 -436.620514 -9.778140 0.020012 0.031652 -0.767437 0.640030
61.218454 -10.448155 -437.381592 -9.821645 0.023763 0.038607 -0.766158 0.641051
61.322213 -10.569035 -438.125763 -9.862835 0.026586 0.042264 -0.765171 0.641888
61.425940 -10.695155 -438.845398 -9.909030 0.026936 0.039422 -0.764524 0.642824
61.529660 -10.818138 -439.548828 -9.959471 0.024538 0.034332 -0.763731 0.644154
61.633390 -10.935746 -440.250183 -10.006149 0.023011 0.030717 -0.763043 0.645207
61.737139 -11.047909 -440.949341 -10.047270 0.023032 0.028784 -0.762246 0.646236
61.840913 -11.156730 -441.639465 -10.087477 0.022701 0.026367 -0.762098 0.646526
61.944689 -11.260187 -442.316864 -10.124943 0.020355 0.024285 -0.762364 0.646373
62.048459 -11.356243 -442.985199 -10.157136 0.017999 0.023729 -0.762650 0.646126
62.152260 -11.450039 -443.645294 -10.185815 0.014865 0.024450 -0.763200 0.645528
62.256132 -11.546469 -444.298645 -10.208059 0.012438 0.025652 -0.765076 0.643309
62.360074 -11.650197 -444.945770 -10.226480 0.010496 0.027315 -0.769028 0.638544
62.464040 -11.767371 -445.582611 -10.245840 0.008799 0.027998 -0.774251 0.632197
62.568006 -11.902027 -446.205566 -10.266179 0.008863 0.027083 -0.780113 0.624990
62.671951 -12.048212 -446.812958 -10.283131 0.010332 0.025899 -0.785984 0.617618
62.775847 -12.193801 -447.392975 -10.299384 0.011141 0.024659 -0.791519 0.610545
62.879742 -12.346141 -447.950867 -10.313208 0.011487 0.023359 -0.796883 0.603572
62.983636 -12.498224 -448.486816 -10.328252 0.011604 0.022848 -0.802216 0.596484
63.087530 -12.654421 -449.000610 -10.343087 0.011423 0.023924 -0.807498 0.589274
63.191447 -12.808950 -449.493469 -10.356130 0.011144 0.025817 -0.813038 0.581531
63.295344 -12.971787 -449.956635 -10.365363 0.011764 0.025249 -0.818600 0.573689
63.399190 -13.135156 -450.385681 -10.369527 0.010918 0.022749 -0.823510 0.566740
63.503012 -13.301115 -450.781921 -10.373815 0.009273 0.017497 -0.828219 0.560054
63.606813 -13.460730 -451.153412 -10.379798 0.006424 0.012222 -0.832533 0.553803
63.710588 -13.608260 -451.503937 -10.386050 0.003231 0.009244 -0.836201 0.548335
63.814340 -13.751961 -451.841400 -10.396080 -0.000580 0.008503 -0.839223 0.543721
63.918089 -13.900227 -452.160645 -10.403350 -0.001967 0.007169 -0.841873 0.539625
64.021815 -14.047825 -452.463928 -10.403690 -0.001807 0.005285 -0.844219 0.535969
64.125518 -14.198616 -452.750031 -10.401831 0.000646 0.002410 -0.845997 0.533181
64.229221 -14.342401 -453.018677 -10.400248 0.003874 -0.000859 -0.847398 0.530943
64.332898 -14.466736 -453.278503 -10.398361 0.004760 0.000015 -0.848749 0.528775
64.436552 -14.572608 -453.523254 -10.393326 0.003833 0.002866 -0.850081 0.526631
64.540207 -14.670048 -453.750549 -10.391310 0.002799 0.006272 -0.851018 0.525091
64.643862 -14.764064 -453.957764 -10.392276 0.002719 0.007873 -0.851824 0.523762
64.747517 -14.853679 -454.138275 -10.391468 0.002809 0.006968 -0.852431 0.522785
64.851196 -14.936686 -454.296692 -10.387842 0.003265 0.004823 -0.852965 0.521936
64.954874 -15.011374 -454.438751 -10.384080 0.003901 0.002568 -0.853226 0.521521
65.058528 -15.072556 -454.577148 -10.387759 0.003396 0.000988 -0.853195 0.521580
65.162183 -15.127982 -454.716705 -10.389393 0.001940 0.000951 -0.852825 0.522192
65.265887 -15.186120 -454.857330 -10.392342 0.002301 0.000381 -0.852228 0.523166
65.369565 -15.258187 -454.997467 -10.396898 0.006337 -0.002092 -0.851111 0.524943
65.473242 -15.325411 -455.135254 -10.402060 0.009106 -0.004053 -0.849694 0.527181
65.576994 -15.382505 -455.271423 -10.404400 0.009354 -0.005700 -0.848587 0.528943
65.680722 -15.428933 -455.410645 -10.404676 0.007840 -0.005035 -0.847590 0.530570
65.784424 -15.472813 -455.550568 -10.404156 0.006197 -0.003944 -0.846380 0.532529
65.888127 -15.519735 -455.693237 -10.405133 0.004648 -0.003446 -0.844969 0.534784
65.991805 -15.574131 -455.844666 -10.406615 0.004144 -0.003553 -0.843390 0.537274
66.095507 -15.633826 -456.009705 -10.409483 0.004191 -0.003565 -0.841663 0.539975
66.199186 -15.692431 -456.197327 -10.414318 0.003409 -0.001029 -0.839868 0.542779
66.302843 -15.748990 -456.402222 -10.419617 0.002020 0.002817 -0.837463 0.546482
66.406546 -15.811167 -456.617889 -10.419906 0.000915 0.005914 -0.834949 0.550295
66.510249 -15.890870 -456.839844 -10.414517 0.002662 0.005504 -0.832335 0.554239
66.613927 -15.979588 -457.069305 -10.409858 0.005386 0.003201 -0.829241 0.558856
66.717607 -16.062963 -457.309387 -10.407198 0.007277 0.001507 -0.825956 0.563686
66.821286 -16.143227 -457.558411 -10.409349 0.008248 0.000023 -0.821739 0.569804
66.924941 -16.221766 -457.813904 -10.414291 0.009349 -0.002060 -0.817089 0.576431
67.028571 -16.291542 -458.081757 -10.412650 0.009841 -0.002167 -0.811971 0.583611
67.132200 -16.358311 -458.359009 -10.410901 0.010426 -0.002335 -0.805925 0.591921
67.235853 -16.421160 -458.648010 -10.411423 0.010292 -0.002781 -0.799403 0.600701
67.339508 -16.476482 -458.951202 -10.413867 0.009013 -0.003129 -0.792799 0.609409
67.443203 -16.520100 -459.268127 -10.419722 0.005567 -0.001990 -0.785752 0.618514
67.546881 -16.556442 -459.597015 -10.425453 0.002544 -0.001302 -0.778614 0.627496
67.650543 -16.596594 -459.939911 -10.424729 0.001656 -0.000426 -0.770473 0.637471
67.754247 -16.638298 -460.295868 -10.421797 0.003094 -0.001647 -0.762233 0.647293
67.857902 -16.671404 -460.666565 -10.419226 0.004419 -0.002540 -0.753928 0.656937
67.961557 -16.693045 -461.052002 -10.417620 0.004609 -0.002738 -0.745268 0.666744
68.065212 -16.703150 -461.452545 -10.416491 0.004391 -0.002689 -0.736420 0.676505
68.168868 -16.703022 -461.871063 -10.415259 0.003782 -0.002280 -0.727457 0.686140
68.272547 -16.684570 -462.304016 -10.413764 0.003773 -0.003139 -0.718507 0.695503
68.376225 -16.633387 -462.752655 -10.409719 0.003956 -0.003568 -0.709882 0.704300
68.479927 -16.568302 -463.222351 -10.405013 0.004571 -0.004056 -0.701906 0.712243
68.583677 -16.503225 -463.708557 -10.400599 0.004662 -0.004317 -0.694385 0.719576
68.687452 -16.426073 -464.213470 -10.396612 0.004811 -0.004588 -0.687299 0.726344
68.791204 -16.345360 -464.734772 -10.392357 0.004462 -0.004780 -0.680477 0.732740
68.894954 -16.254210 -465.273560 -10.388107 0.005060 -0.005780 -0.673726 0.738942
68.998703 -16.172647 -465.829742 -10.385506 0.006429 -0.007076 -0.666843 0.745137
69.102431 -16.101532 -466.396149 -10.386622 0.007870 -0.008690 -0.659734 0.751407
69.206184 -16.012739 -466.979767 -10.386489 0.009258 -0.010717 -0.652516 0.757642
69.309934 -15.905749 -467.577576 -10.384300 0.009367 -0.011324 -0.645731 0.763424
69.413660 -15.779606 -468.187988 -10.379690 0.008525 -0.011554 -0.639441 0.768706
69.517434 -15.641334 -468.813660 -10.374935 0.007654 -0.011310 -0.633745 0.773421
69.621234 -15.501040 -469.465179 -10.359644 0.007756 -0.010716 -0.628661 0.777567
69.725032 -15.356224 -470.134125 -10.338785 0.008059 -0.010158 -0.624245 0.781121
69.828853 -15.201209 -470.820923 -10.313646 0.008514 -0.008840 -0.620785 0.783885
69.932677 -15.034331 -471.516876 -10.293777 0.008942 -0.007785 -0.617937 0.786138
70.036500 -14.862073 -472.226166 -10.275679 0.008681 -0.007401 -0.615773 0.787841
70.140347 -14.674917 -472.947906 -10.263448 0.008378 -0.006938 -0.614125 0.789134
70.244196 -14.485730 -473.684296 -10.249456 0.008034 -0.006464 -0.612760 0.790202
70.347993 -14.285699 -474.432037 -10.237637 0.007490 -0.006545 -0.611579 0.791121
70.451765 -14.085513 -475.194763 -10.225118 0.007775 -0.007110 -0.610413 0.792013
70.555541 -13.877193 -475.969940 -10.215549 0.008029 -0.008110 -0.609246 0.792899
70.659293 -13.662147 -476.760132 -10.203502 0.007879 -0.008990 -0.608152 0.793731
70.763044 -13.438556 -477.561310 -10.190633 0.007551 -0.009677 -0.607012 0.794598
70.866819 -13.210881 -478.372772 -10.176478 0.007420 -0.010758 -0.605937 0.795405
70.970594 -12.980916 -479.195740 -10.160852 0.008205 -0.011864 -0.604951 0.796132
71.074342 -12.747330 -480.024292 -10.145103 0.009131 -0.013098 -0.604152 0.796709
71.178068 -12.505853 -480.868134 -10.127384 0.009624 -0.013725 -0.603307 0.797333
71.281798 -12.257055 -481.716797 -10.107689 0.008497 -0.014388 -0.602651 0.797830
71.385549 -12.006663 -482.577484 -10.088497 0.007792 -0.016081 -0.602110 0.798213
71.489323 -11.749298 -483.448608 -10.069702 0.007049 -0.017205 -0.601993 0.798285
71.593098 -11.484576 -484.333069 -10.047619 0.006524 -0.015987 -0.601792 0.798466
71.696874 -11.217692 -485.231598 -10.024487 0.007380 -0.014926 -0.601787 0.798483
71.800650 -10.948954 -486.140778 -9.999677 0.007886 -0.013721 -0.601487 0.798726
71.904400 -10.681227 -487.059875 -9.981211 0.008769 -0.014574 -0.601266 0.798868
72.008135 -10.412234 -487.988708 -9.962796 0.009366 -0.016011 -0.600868 0.799133
72.111885 -10.137414 -488.929230 -9.941848 0.010230 -0.017085 -0.600582 0.799315
72.215651 -9.856853 -489.879547 -9.920977 0.010848 -0.017434 -0.600214 0.799576
72.319426 -9.571913 -490.843536 -9.899286 0.011615 -0.017838 -0.599834 0.799841
72.423178 -9.281992 -491.815033 -9.876072 0.012028 -0.017960 -0.599472 0.800104
72.526905 -8.989240 -492.795197 -9.854027 0.011799 -0.018331 -0.599184 0.800314
72.630635 -8.689175 -493.789276 -9.830879 0.010999 -0.018310 -0.598792 0.800620
72.734336 -8.387456 -494.792114 -9.807349 0.010696 -0.018035 -0.598610 0.800766
72.838058 -8.085465 -495.798462 -9.770870 0.011138 -0.017508 -0.598736 0.800678
72.941811 -7.766560 -496.795837 -9.742803 0.009620 -0.015926 -0.599116 0.800446
73.045586 -7.450047 -497.803741 -9.717314 0.007831 -0.015434 -0.599960 0.799843
73.149407 -7.136727 -498.819458 -9.691935 0.006059 -0.015938 -0.601581 0.798630
73.253253 -6.824048 -499.845764 -9.661686 0.003697 -0.015115 -0.604405 0.796525
73.357130 -6.517535 -500.878174 -9.628527 0.000674 -0.013876 -0.608426 0.793489
73.461026 -6.223214 -501.916168 -9.598582 -0.001778 -0.013054 -0.613519 0.789570
73.564915 -5.940366 -502.956787 -9.575418 -0.003199 -0.011843 -0.619427 0.784958
73.668810 -5.676728 -504.007050 -9.554245 -0.003145 -0.010206 -0.625859 0.779863
73.772728 -5.430456 -505.068848 -9.529870 -0.002827 -0.007948 -0.632498 0.774516
73.876624 -5.202296 -506.133087 -9.508543 -0.003313 -0.006234 -0.639400 0.768842
73.980495 -5.000031 -507.204010 -9.487688 -0.004088 -0.007035 -0.646469 0.762897
74.084368 -4.814464 -508.276001 -9.466181 -0.005997 -0.007606 -0.653808 0.756599
74.188238 -4.649752 -509.361267 -9.433433 -0.006732 -0.007867 -0.661600 0.749786
74.292108 -4.495326 -510.454071 -9.383547 -0.006526 -0.006294 -0.669731 0.742548
74.395980 -4.374715 -511.553223 -9.339228 -0.005446 -0.005513 -0.678330 0.734717
74.499850 -4.280943 -512.648010 -9.296543 -0.006434 -0.006243 -0.687389 0.726234
74.603721 -4.212229 -513.743958 -9.254914 -0.009946 -0.007228 -0.696819 0.717142
74.707591 -4.177304 -514.845703 -9.210481 -0.011728 -0.008708 -0.706510 0.707552
74.811459 -4.171854 -515.943909 -9.163242 -0.015626 -0.007143 -0.716816 0.697051
74.915354 -4.210988 -517.040161 -9.119059 -0.015837 -0.009557 -0.727565 0.685790
75.019225 -4.281901 -518.137878 -9.068636 -0.018159 -0.007801 -0.738022 0.674487
75.123049 -4.389165 -519.234070 -9.010676 -0.018700 -0.009238 -0.747939 0.663440
75.226848 -4.534037 -520.324585 -8.947145 -0.020089 -0.012052 -0.757214 0.652746
75.330597 -4.707583 -521.413696 -8.881443 -0.020375 -0.014447 -0.765826 0.642562
75.434323 -4.910511 -522.502930 -8.809175 -0.019866 -0.015636 -0.773659 0.633098
75.538031 -5.144667 -523.593262 -8.734290 -0.019588 -0.016115 -0.780845 0.624210
75.641712 -5.401905 -524.685181 -8.659630 -0.020412 -0.016022 -0.787792 0.615394
75.745388 -5.680376 -525.768372 -8.585188 -0.021632 -0.016666 -0.794607 0.606510
75.849042 -5.986167 -526.849365 -8.510056 -0.021623 -0.017266 -0.800977 0.598055
75.952673 -6.316391 -527.930237 -8.435027 -0.019231 -0.017427 -0.806499 0.590666
76.056281 -6.666358 -529.003479 -8.361810 -0.016979 -0.018784 -0.810594 0.585061
76.159863 -7.032636 -530.084106 -8.298692 -0.015761 -0.022262 -0.813223 0.581312
76.263444 -7.399387 -531.161804 -8.234962 -0.016151 -0.024731 -0.815039 0.578653
76.367027 -7.766727 -532.244385 -8.164033 -0.016615 -0.024496 -0.816321 0.576840
76.470634 -8.136923 -533.326477 -8.090460 -0.016979 -0.023924 -0.817365 0.575373
76.574265 -8.514096 -534.410767 -8.018885 -0.017899 -0.024256 -0.818301 0.573999
76.677920 -8.900291 -535.499390 -7.945448 -0.018912 -0.025656 -0.819273 0.572518
76.781597 -9.295409 -536.595703 -7.871727 -0.019427 -0.027311 -0.820204 0.571089
76.885299 -9.697630 -537.701233 -7.794335 -0.019003 -0.027682 -0.821074 0.569833
76.989002 -10.105361 -538.820190 -7.716258 -0.017481 -0.026179 -0.821906 0.568752
77.092657 -10.518116 -539.943970 -7.641069 -0.016361 -0.025133 -0.822542 0.567913
77.196311 -10.930706 -541.073242 -7.567574 -0.017127 -0.024169 -0.822977 0.567302
77.299966 -11.347350 -542.203186 -7.493977 -0.019194 -0.025075 -0.823106 0.567009
77.403623 -11.770391 -543.342834 -7.414691 -0.020429 -0.026086 -0.823075 0.566965
77.507325 -12.198724 -544.491821 -7.330547 -0.019925 -0.026799 -0.822961 0.567115
77.611052 -12.628269 -545.650757 -7.244536 -0.019968 -0.026345 -0.822944 0.567161
77.714755 -13.057867 -546.816772 -7.158075 -0.020927 -0.025655 -0.823006 0.567068
77.818458 -13.488336 -547.988770 -7.072568 -0.021854 -0.024751 -0.823187 0.566810
77.922159 -13.925934 -549.167542 -6.986116 -0.021594 -0.024182 -0.823764 0.566005
78.025839 -14.368522 -550.355774 -6.897909 -0.021433 -0.022894 -0.824596 0.564852
78.129519 -14.821610 -551.543335 -6.813662 -0.021564 -0.024342 -0.825147 0.563981
78.233221 -15.279823 -552.739014 -6.726699 -0.021515 -0.024736 -0.825796 0.563016
78.336947 -15.741951 -553.943665 -6.638186 -0.021618 -0.024055 -0.826652 0.561783
78.440648 -16.211802 -555.151917 -6.548815 -0.021124 -0.023982 -0.827643 0.560344
78.544350 -16.685881 -556.365662 -6.460190 -0.021526 -0.022909 -0.828654 0.558877
78.648054 -17.183187 -557.603699 -6.392221 -0.020790 -0.022310 -0.829644 0.557460
78.751759 -17.684515 -558.846375 -6.324750 -0.021033 -0.021643 -0.830520 0.556171
78.855463 -18.194908 -560.095459 -6.259930 -0.021564 -0.021716 -0.831309 0.554968
78.959164 -18.708225 -561.344482 -6.185175 -0.021652 -0.021887 -0.832057 0.553835
79.062864 -19.231869 -562.599609 -6.112939 -0.021285 -0.021983 -0.832747 0.552807
79.166568 -19.760288 -563.860596 -6.035054 -0.021708 -0.022598 -0.833424 0.551745
79.270319 -20.294649 -565.126221 -5.952581 -0.021824 -0.022799 -0.834174 0.550598
79.374094 -20.833382 -566.394348 -5.856994 -0.021928 -0.022545 -0.835026 0.549310
79.477843 -21.380304 -567.668396 -5.760258 -0.022017 -0.022063 -0.836021 0.547812
79.581567 -21.935234 -568.944641 -5.666191 -0.021648 -0.022103 -0.837127 0.546133
79.685273 -22.497057 -570.226318 -5.571689 -0.021699 -0.021964 -0.838187 0.544508
79.788981 -23.069324 -571.512634 -5.477195 -0.021582 -0.022366 -0.839193 0.542945
79.892683 -23.646729 -572.802490 -5.381886 -0.021839 -0.022759 -0.839925 0.541785
79.996383 -24.234133 -574.099976 -5.285872 -0.021801 -0.023256 -0.840540 0.540811
80.100084 -24.824152 -575.401184 -5.190337 -0.021759 -0.023303 -0.841071 0.539985
80.203764 -25.421991 -576.710205 -5.093314 -0.021683 -0.023479 -0.841487 0.539331
80.307444 -26.023121 -578.025208 -4.995472 -0.021472 -0.023685 -0.841823 0.538806
80.411123 -26.630753 -579.344055 -4.896784 -0.021371 -0.024251 -0.842171 0.538241
80.514801 -27.242805 -580.667419 -4.799057 -0.021232 -0.024924 -0.842477 0.537737
80.618456 -27.862402 -582.001282 -4.700143 -0.020131 -0.024814 -0.842771 0.537322
80.722111 -28.481907 -583.337219 -4.603445 -0.020568 -0.024873 -0.843040 0.536881
80.825814 -29.105183 -584.680542 -4.505997 -0.020499 -0.024573 -0.843355 0.536404
80.929515 -29.731977 -586.031128 -4.406748 -0.020265 -0.023682 -0.843678 0.535944
81.033193 -30.367659 -587.391296 -4.303800 -0.019122 -0.023030 -0.844024 0.535470
81.136896 -31.002813 -588.747620 -4.205998 -0.018767 -0.023571 -0.844238 0.535122
81.240599 -31.636663 -590.101990 -4.110889 -0.019509 -0.024514 -0.844284 0.534979
81.344302 -32.271271 -591.459900 -4.013134 -0.019315 -0.024676 -0.844284 0.534980
81.448003 -32.905106 -592.820374 -3.912089 -0.019797 -0.024459 -0.844364 0.534844
81.551683 -33.537220 -594.188110 -3.799042 -0.019434 -0.024517 -0.844341 0.534892
81.655364 -34.167702 -595.560547 -3.679677 -0.020047 -0.024521 -0.844246 0.535019
81.759041 -34.798622 -596.933716 -3.557714 -0.020604 -0.025142 -0.844061 0.535261
81.862743 -35.433407 -598.305908 -3.438399 -0.020496 -0.026620 -0.843813 0.535584
81.966472 -36.069099 -599.682190 -3.319121 -0.019774 -0.027190 -0.843379 0.536267
82.070175 -36.703293 -601.055664 -3.201229 -0.018017 -0.027739 -0.842771 0.537255
82.173878 -37.337761 -602.436829 -3.087243 -0.017457 -0.027706 -0.842233 0.538118
82.277605 -37.964622 -603.815552 -2.974140 -0.017868 -0.027697 -0.841890 0.538641
82.381332 -38.592289 -605.193359 -2.863072 -0.017011 -0.027897 -0.841706 0.538946
82.485057 -39.216705 -606.571289 -2.753320 -0.017323 -0.027778 -0.841445 0.539351
82.588760 -39.843548 -607.947021 -2.645587 -0.017288 -0.028434 -0.841198 0.539702
82.692437 -40.468231 -609.323425 -2.538181 -0.017235 -0.028088 -0.840975 0.540070
82.796092 -41.088337 -610.698242 -2.430993 -0.017928 -0.027705 -0.840767 0.540390
82.899748 -41.706326 -612.068359 -2.325179 -0.018157 -0.026345 -0.840636 0.540655
83.003426 -42.330528 -613.436340 -2.221119 -0.017115 -0.026697 -0.840571 0.540772
83.107129 -42.959728 -614.804016 -2.120177 -0.016199 -0.027357 -0.840344 0.541120
83.210832 -43.593723 -616.166443 -2.024090 -0.013660 -0.029912 -0.840083 0.541460
83.314510 -44.224300 -617.527039 -1.926897 -0.013717 -0.031472 -0.839810 0.541794
83.418190 -44.847961 -618.886475 -1.827017 -0.015113 -0.032593 -0.839614 0.541994
83.521868 -45.466568 -620.253784 -1.721575 -0.016033 -0.031558 -0.839553 0.542124
83.625547 -46.084286 -621.622498 -1.615210 -0.015954 -0.029767 -0.839347 0.542546
83.729251 -46.697868 -622.989258 -1.512591 -0.016203 -0.028941 -0.839035 0.543065
83.832953 -47.313705 -624.357605 -1.413184 -0.016768 -0.028441 -0.838771 0.543482
83.936656 -47.925350 -625.726074 -1.314283 -0.017667 -0.027689 -0.838519 0.543882
84.040359 -48.542557 -627.091125 -1.215019 -0.017707 -0.027166 -0.838330 0.544197
84.144039 -49.155270 -628.458740 -1.112705 -0.017855 -0.026185 -0.838295 0.544295
84.247694 -49.770443 -629.820679 -1.013855 -0.017489 -0.027239 -0.838385 0.544117
84.351348 -50.383480 -631.182434 -0.913144 -0.017446 -0.027847 -0.838351 0.544140
84.455033 -50.997757 -632.542419 -0.812132 -0.016335 -0.028914 -0.838277 0.544232
84.558687 -51.613979 -633.900024 -0.709532 -0.015190 -0.029048 -0.837974 0.544725
84.662334 -52.222633 -635.252380 -0.606995 -0.015502 -0.029634 -0.837508 0.545400
84.766012 -52.823910 -636.596191 -0.502379 -0.017688 -0.030084 -0.837051 0.546011
84.869671 -53.416355 -637.939270 -0.391768 -0.018221 -0.028715 -0.836848 0.546379
84.973351 -54.006363 -639.275391 -0.279622 -0.018658 -0.026317 -0.836518 0.546989
85.077052 -54.593407 -640.600647 -0.173753 -0.017749 -0.025853 -0.836252 0.547448
85.180729 -55.181686 -641.915649 -0.073042 -0.016275 -0.025430 -0.836183 0.547619
85.284407 -55.765724 -643.224182 0.025263 -0.015297 -0.026342 -0.836109 0.547716
85.388111 -56.344326 -644.526550 0.125502 -0.015292 -0.026288 -0.836077 0.547768
85.491814 -56.918888 -645.820374 0.224143 -0.015529 -0.026633 -0.836242 0.547493
85.595494 -57.489559 -647.106934 0.323709 -0.015461 -0.026225 -0.836511 0.547104
85.699174 -58.056232 -648.378967 0.423074 -0.015552 -0.025606 -0.836746 0.546772
85.802852 -58.616119 -649.637207 0.521244 -0.015789 -0.024976 -0.836912 0.546540
85.906529 -59.167690 -650.873474 0.614338 -0.015439 -0.024760 -0.837101 0.546270
86.010206 -59.708496 -652.090088 0.706003 -0.014320 -0.023482 -0.837370 0.545945
86.113889 -60.242786 -653.284485 0.792346 -0.013233 -0.022324 -0.837637 0.545610
86.217592 -60.768311 -654.448669 0.872565 -0.013562 -0.022633 -0.837759 0.545402
86.321315 -61.285988 -655.583374 0.952979 -0.015033 -0.024681 -0.837853 0.545131
86.425018 -61.789818 -656.697205 1.039057 -0.015672 -0.025425 -0.837908 0.544994
86.528702 -62.284878 -657.788635 1.126543 -0.013962 -0.024774 -0.837795 0.545245
86.632387 -62.765285 -658.850891 1.206835 -0.013007 -0.024450 -0.837443 0.545823
86.736061 -63.227760 -659.882812 1.282894 -0.012893 -0.024090 -0.837002 0.546517
86.839712 -63.673092 -660.883057 1.353993 -0.012726 -0.023213 -0.836478 0.547360
86.943365 -64.108299 -661.854065 1.424034 -0.011447 -0.022909 -0.835826 0.548397
87.047070 -64.526581 -662.786743 1.490981 -0.009813 -0.022161 -0.835245 0.549344
87.150798 -64.919800 -663.694580 1.558241 -0.009849 -0.020525 -0.834951 0.549853
87.254511 -65.297668 -664.558350 1.620579 -0.009734 -0.021094 -0.834808 0.550051
87.358213 -65.658325 -665.380798 1.679061 -0.010442 -0.022201 -0.834590 0.550325
87.461926 -66.006302 -666.171265 1.739449 -0.010775 -0.022018 -0.834536 0.550408
87.565654 -66.337135 -666.919006 1.796574 -0.011363 -0.021439 -0.834475 0.550511
87.669429 -66.649612 -667.628540 1.851081 -0.012341 -0.019775 -0.835242 0.549388
87.773275 -66.950706 -668.301758 1.901163 -0.013582 -0.018311 -0.837555 0.545877
87.877217 -67.248703 -668.935120 1.948098 -0.014845 -0.016505 -0.841925 0.539138
87.981269 -67.541626 -669.531006 1.992701 -0.016238 -0.014342 -0.848027 0.529509
88.085355 -67.843811 -670.085327 2.031712 -0.017434 -0.014009 -0.855430 0.517436
88.189453 -68.159081 -670.609497 2.068244 -0.018368 -0.014619 -0.863851 0.503199
88.293614 -68.487320 -671.116821 2.105283 0.018311 0.016578 0.873314 -0.486530
88.397845 -68.826523 -671.604797 2.144476 0.018200 0.016190 0.884044 -0.466768
88.502098 -69.184647 -672.068787 2.181863 0.017610 0.015329 0.895371 -0.444708
88.606352 -69.560272 -672.507812 2.216108 0.016920 0.014486 0.906800 -0.420972
88.710607 -69.953766 -672.920227 2.251348 0.015801 0.013295 0.918232 -0.395503
88.814862 -70.357300 -673.300049 2.287976 0.015691 0.012975 0.929615 -0.367970
88.919116 -70.779831 -673.638855 2.321212 0.016496 0.013269 0.940723 -0.338515
89.023346 -71.210815 -673.948242 2.352637 0.017847 0.012415 0.951250 -0.307654
89.127528 -71.660919 -674.207947 2.374315 0.019523 0.012622 0.960872 -0.276014
89.231664 -72.116722 -674.429688 2.401726 0.020510 0.015234 0.969338 -0.244398
89.335751 -72.589066 -674.613953 2.430251 0.019955 0.018911 0.976672 -0.212971
89.439814 -73.067017 -674.777405 2.458570 0.019832 0.018705 0.983132 -0.180857
89.543832 -73.553818 -674.915344 2.484784 0.019525 0.017299 0.988510 -0.148890
89.647799 -74.052689 -675.016357 2.511451 0.018747 0.017000 0.992855 -0.116615
89.751765 -74.560951 -675.076477 2.540500 0.018203 0.019074 0.996082 -0.084418
89.855707 -75.074493 -675.101624 2.565850 0.019165 0.021245 0.998226 -0.052207
89.959627 -75.590500 -675.098694 2.583294 0.022829 0.021432 0.999320 -0.019480
90.063545 -76.110367 -675.067932 2.599464 0.026758 0.020351 0.999314 0.015559
90.167439 -76.641220 -675.005554 2.623049 0.028755 0.020167 0.998285 0.046843
90.271285 -77.178780 -674.907715 2.651043 0.027821 0.019087 0.996268 0.079441
90.375133 -77.721786 -674.780945 2.687520 0.026513 0.018484 0.993130 0.112466
90.479005 -78.257729 -674.611328 2.721517 0.027653 0.017899 0.988762 0.145822
90.582851 -78.787292 -674.400574 2.754382 0.030264 0.017471 0.983187 0.179226
90.686650 -79.310661 -674.157898 2.790286 0.032732 0.016170 0.976468 0.212551
90.790401 -79.824432 -673.870483 2.822918 0.035313 0.015125 0.968588 0.245687
90.894125 -80.330734 -673.535767 2.854626 0.036938 0.014398 0.959942 0.277381
90.997803 -80.825294 -673.159973 2.890489 0.037567 0.015192 0.950697 0.307461
91.101434 -81.309868 -672.746765 2.928109 0.038379 0.015033 0.941027 0.335811
91.205042 -81.784149 -672.296448 2.965616 0.038732 0.014983 0.931391 0.361643
91.308625 -82.242958 -671.810608 2.995468 0.040273 0.014997 0.922002 0.384792
91.412184 -82.693069 -671.301636 3.024971 0.042616 0.015359 0.913061 0.405299
91.515695 -83.133629 -670.766785 3.057505 0.043846 0.015129 0.905148 0.422559
91.619182 -83.569939 -670.198914 3.097235 0.043155 0.015962 0.898368 0.436828
91.722692 -83.996140 -669.608093 3.136848 0.040891 0.016449 0.892489 0.448910
91.826203 -84.425652 -669.000549 3.176669 0.037715 0.015000 0.887354 0.459300
91.929737 -84.847786 -668.379883 3.214784 0.035259 0.013206 0.882611 0.468595
92.033322 -85.259331 -667.742493 3.251733 0.033641 0.012411 0.877913 0.477475
92.136953 -85.670898 -667.076965 3.277684 0.031168 0.011170 0.873126 0.486370
92.240630 -86.083191 -666.401428 3.307653 0.027413 0.007885 0.867986 0.495768
92.344331 -86.486839 -665.717163 3.340675 0.022779 0.004677 0.862699 0.505183
92.448060 -86.869995 -665.012268 3.363966 0.019819 0.003862 0.856950 0.515004
92.551812 -87.242615 -664.289551 3.384454 0.014688 0.002018 0.850807 0.525269
92.655561 -87.601982 -663.550171 3.402194 0.009304 -0.000560 0.844110 0.536088
92.759312 -87.945129 -662.806091 3.417632 0.005339 -0.003292 0.837036 0.547112
92.863061 -88.257286 -662.045227 3.425159 0.004075 -0.003640 0.829608 0.558319
92.966789 -88.549057 -661.275024 3.432991 0.003016 -0.003347 0.821893 0.569624
93.070517 -88.821526 -660.490540 3.441103 0.001124 -0.002188 0.814006 0.580851
93.174219 -89.084251 -659.685669 3.441650 -0.001032 -0.000112 0.806468 0.591277
93.277896 -89.326019 -658.874756 3.443087 -0.001539 0.002324 0.799856 0.600185
93.381552 -89.550568 -658.055115 3.440028 -0.002409 0.004465 0.794416 0.607353
93.485158 -89.773811 -657.230347 3.439445 -0.003835 0.004952 0.790623 0.612271
93.588763 -89.997032 -656.384155 3.433559 -0.006348 0.006056 0.788303 0.615224
93.692372 -90.225220 -655.530334 3.426857 -0.009381 0.006450 0.787209 0.616581
93.795980 -90.463127 -654.671509 3.419832 -0.013511 0.004425 0.786823 0.617015
93.899610 -90.701698 -653.808289 3.409460 -0.015242 0.001581 0.787103 0.616631
94.003264 -90.934647 -652.943970 3.395451 -0.014529 -0.001878 0.787884 0.615649
94.106920 -91.167206 -652.065918 3.382192 -0.011237 -0.004552 0.789206 0.614008
94.210574 -91.403625 -651.182251 3.374776 -0.009017 -0.007139 0.790997 0.611712
94.314252 -91.648232 -650.282471 3.374810 -0.007673 -0.006836 0.792720 0.609499
94.417930 -91.901413 -649.376892 3.384824 -0.009177 -0.006890 0.794567 0.607068
94.521633 -92.167984 -648.468201 3.394815 -0.009666 -0.008438 0.795792 0.605434
94.625386 -92.441544 -647.557251 3.408858 -0.008938 -0.011898 0.796455 0.604515
94.729136 -92.705666 -646.635925 3.427072 -0.007067 -0.013500 0.796361 0.604630
94.832888 -92.977959 -645.699585 3.448010 -0.007285 -0.014832 0.796501 0.604411
94.936639 -93.254547 -644.752991 3.473171 -0.008018 -0.015512 0.796670 0.604162
95.040367 -93.529999 -643.792725 3.491273 -0.008524 -0.013856 0.797124 0.603596
95.144070 -93.806007 -642.821655 3.511191 -0.008248 -0.011494 0.797558 0.603077
95.247748 -94.092072 -641.847168 3.526167 -0.010157 -0.010633 0.798383 0.601970
95.351425 -94.373238 -640.869446 3.536393 -0.010104 -0.009651 0.799301 0.600769
95.455127 -94.658730 -639.895508 3.546737 -0.009839 -0.008838 0.800414 0.599301
95.558828 -94.948120 -638.924683 3.556024 -0.009247 -0.007935 0.801634 0.597691
95.662508 -95.241234 -637.954956 3.565040 -0.009202 -0.006173 0.802900 0.596011
95.766211 -95.545982 -636.986572 3.571878 -0.008635 -0.005454 0.804397 0.594004
95.869937 -95.852921 -636.022766 3.577491 -0.007804 -0.006637 0.805676 0.592268
95.973664 -96.160126 -635.067749 3.589538 -0.007000 -0.006591 0.806664 0.590932
96.077392 -96.474190 -634.114380 3.608384 -0.008300 -0.006039 0.807306 0.590044
96.181120 -96.789505 -633.166748 3.626189 -0.008826 -0.005253 0.807784 0.589390
96.284870 -97.094902 -632.228943 3.633417 -0.008611 -0.006020 0.808336 0.588628
96.388620 -97.400742 -631.298889 3.641808 -0.007260 -0.006678 0.808664 0.588189
96.492371 -97.708931 -630.380859 3.658751 -0.007990 -0.006738 0.808865 0.587902
96.596124 -98.024223 -629.461548 3.668211 -0.010208 -0.005235 0.808666 0.588156
96.699849 -98.336395 -628.549255 3.666940 -0.010642 -0.005883 0.808815 0.587937
96.803574 -98.641624 -627.642761 3.660245 -0.009432 -0.006457 0.809035 0.587650
96.907301 -98.941643 -626.742493 3.658836 -0.008291 -0.005950 0.809281 0.587333
97.011003 -99.241135 -625.855896 3.664976 -0.008369 -0.005763 0.809745 0.586694
97.114683 -99.542313 -624.977905 3.673901 -0.008076 -0.005513 0.810494 0.585666
97.218363 -99.840569 -624.113403 3.675921 -0.007161 -0.005833 0.811363 0.584469
97.322091 -100.145454 -623.253174 3.675527 -0.008258 -0.005923 0.812093 0.583440
97.425842 -100.444412 -622.405762 3.674413 -0.009152 -0.004278 0.812852 0.582382
97.529590 -100.740601 -621.572144 3.673071 -0.010219 -0.004114 0.813805 0.581034
97.633363 -101.038406 -620.757324 3.664752 -0.009211 -0.005980 0.814594 0.579928
97.737115 -101.330528 -619.960693 3.658314 -0.008900 -0.006794 0.815326 0.578894
97.840892 -101.619987 -619.175537 3.649555 -0.009192 -0.006871 0.815843 0.578160
97.944668 -101.905098 -618.411499 3.641830 -0.010004 -0.006621 0.816108 0.577775
98.048419 -102.185921 -617.674744 3.626563 -0.010880 -0.007770 0.816299 0.577475
98.152197 -102.460037 -616.956360 3.621356 -0.011169 -0.009291 0.816661 0.576935
98.255948 -102.718750 -616.257080 3.621450 -0.011749 -0.007608 0.817086 0.576347
98.359670 -102.966774 -615.583679 3.620181 -0.011371 -0.005403 0.817797 0.575368
98.463395 -103.215675 -614.934143 3.621098 -0.013481 -0.004898 0.818330 0.574570
98.567120 -103.459450 -614.317627 3.623114 -0.014726 -0.005778 0.818837 0.573808
98.670825 -103.688919 -613.723877 3.623183 -0.014462 -0.005366 0.819450 0.572944
98.774529 -103.913322 -613.161072 3.627433 -0.014884 -0.005818 0.819998 0.572143
98.878254 -104.120934 -612.629272 3.627906 -0.013811 -0.005976 0.820515 0.571426
98.981956 -104.311775 -612.128540 3.631834 -0.012410 -0.005293 0.820933 0.570865
99.085659 -104.493423 -611.658936 3.634523 -0.012036 -0.004241 0.821217 0.570474
99.189386 -104.662621 -611.221802 3.633265 -0.010481 -0.004605 0.821557 0.570011
99.293113 -104.828323 -610.815613 3.629088 -0.011263 -0.006622 0.821626 0.569877
99.396815 -104.977943 -610.435059 3.619110 -0.012586 -0.007678 0.821582 0.569899
99.500513 -105.103905 -610.080444 3.610256 -0.012574 -0.006484 0.822033 0.569264
99.604217 -105.217438 -609.750671 3.608630 -0.010872 -0.003696 0.822585 0.568526
99.707924 -105.326767 -609.455139 3.600690 -0.009872 -0.003773 0.822577 0.568555
99.811603 -105.432587 -609.184875 3.596633 -0.009712 -0.004805 0.822840 0.568170
99.915259 -105.522850 -608.936157 3.587152 -0.009878 -0.005196 0.823439 0.567296
100.018964 -105.606384 -608.705872 3.587346 -0.009991 -0.004335 0.823509 0.567199
100.122667 -105.688789 -608.496704 3.585237 -0.010273 -0.004118 0.823482 0.567235
100.226345 -105.766609 -608.294189 3.575124 -0.008505 -0.004860 0.823839 0.566740
100.330023 -105.842590 -608.098328 3.563008 -0.006967 -0.005541 0.824080 0.566404
100.433723 -105.917763 -607.904968 3.557930 -0.006098 -0.005513 0.823890 0.566690
100.537427 -105.991646 -607.711487 3.545581 -0.005662 -0.005210 0.824008 0.566526
100.641105 -106.068222 -607.517639 3.535280 -0.005698 -0.004765 0.824145 0.566330
100.744783 -106.144798 -607.329041 3.530474 -0.005822 -0.004923 0.824097 0.566397
100.848489 -106.218773 -607.140930 3.521563 -0.005701 -0.005373 0.824053 0.566458
100.952192 -106.295326 -606.952759 3.511731 -0.005513 -0.006351 0.824116 0.566358
101.055867 -106.371986 -606.766235 3.502135 -0.005652 -0.006870 0.824198 0.566232
101.159545 -106.447113 -606.574768 3.496303 -0.006198 -0.006386 0.824234 0.566179
101.263225 -106.517014 -606.389526 3.493881 -0.006077 -0.005682 0.824276 0.566128
101.366905 -106.585434 -606.208313 3.497230 -0.005651 -0.004957 0.824411 0.565942
101.470584 -106.652367 -606.035339 3.501005 -0.005477 -0.004772 0.824437 0.565907
101.574286 -106.722313 -605.867188 3.507532 -0.005726 -0.005261 0.824408 0.565943
101.678013 -106.791893 -605.699097 3.507564 -0.005784 -0.005704 0.824484 0.565827
101.781765 -106.856407 -605.533508 3.512089 -0.005815 -0.005443 0.824570 0.565704
101.885515 -106.917145 -605.371704 3.516666 -0.005848 -0.004666 0.824536 0.565761
101.989241 -106.975540 -605.218384 3.515871 -0.006109 -0.004392 0.824531 0.565767
102.092968 -107.035645 -605.075378 3.511568 -0.006342 -0.004889 0.824523 0.565772
102.196695 -107.094734 -604.940796 3.515207 -0.006271 -0.005925 0.824526 0.565758
102.300399 -107.149529 -604.807983 3.521447 -0.005823 -0.006236 0.824586 0.565672
102.404101 -107.198822 -604.675659 3.525862 -0.005008 -0.005491 0.824616 0.565644
102.507829 -107.247383 -604.542358 3.525172 -0.004130 -0.004379 0.824575 0.565721
102.611533 -107.301582 -604.413696 3.524864 -0.004120 -0.004171 0.824473 0.565870
102.715236 -107.360893 -604.279358 3.517451 -0.005937 -0.004483 0.824559 0.565727
102.818963 -107.421402 -604.148376 3.510477 -0.007938 -0.005400 0.824562 0.565690
102.922664 -107.477234 -604.024841 3.511288 -0.008477 -0.006463 0.824496 0.565768
103.026342 -107.528397 -603.905701 3.516465 -0.007756 -0.007020 0.824542 0.565704
103.130045 -107.578491 -603.786133 3.522779 -0.006824 -0.007080 0.824605 0.565624
103.233748 -107.629669 -603.665833 3.527339 -0.006527 -0.007018 0.824601 0.565633
103.337428 -107.683014 -603.542419 3.526423 -0.006490 -0.007186 0.824669 0.565533
103.441130 -107.736557 -603.413696 3.520344 -0.006185 -0.007565 0.824766 0.565390
103.544855 -107.793343 -603.275574 3.510536 -0.005604 -0.008124 0.824854 0.565260
103.648585 -107.853081 -603.128174 3.505886 -0.004207 -0.008729 0.825134 0.564853
103.752288 -107.919601 -602.965454 3.501966 -0.002388 -0.009389 0.825499 0.564321
103.855942 -107.996590 -602.778992 3.499763 -0.000807 -0.009933 0.825973 0.563622
103.959573 -108.088615 -602.565735 3.499849 -0.000202 -0.010727 0.826777 0.562428
104.063179 -108.191513 -602.328613 3.502087 0.000300 -0.011577 0.827903 0.560751
104.166809 -108.303635 -602.060913 3.501951 0.000986 -0.011218 0.829413 0.558522
104.270511 -108.424667 -601.767273 3.493914 0.002505 -0.010413 0.831055 0.556088
104.374213 -108.561867 -601.451599 3.479362 0.004038 -0.010672 0.832907 0.553295
104.477893 -108.718262 -601.110291 3.473507 0.003307 -0.011573 0.835291 0.549676
104.581573 -108.880661 -600.750305 3.472539 0.004199 -0.010763 0.837890 0.545716
104.685276 -109.053787 -600.359497 3.456377 0.005306 -0.009097 0.840558 0.541619
104.788978 -109.241508 -599.952881 3.447288 0.005145 -0.007475 0.843292 0.537378
104.892658 -109.447098 -599.527954 3.442423 0.003914 -0.006247 0.846051 0.533051
104.996313 -109.665810 -599.091553 3.437793 0.004326 -0.007501 0.848955 0.528395
105.099991 -109.900429 -598.634705 3.427626 0.004893 -0.007633 0.851659 0.524018
105.203693 -110.146515 -598.151978 3.418378 0.003705 -0.005300 0.854199 0.519907
105.307396 -110.402618 -597.650757 3.406635 0.002976 -0.002681 0.856622 0.515929
105.411124 -110.675682 -597.141907 3.397139 0.002122 -0.001913 0.859000 0.511967
105.514874 -110.972832 -596.622986 3.386429 -0.000858 -0.003160 0.860830 0.508883
105.618671 -111.281166 -596.083435 3.375267 -0.003425 -0.002956 0.862274 0.506422
105.722493 -111.597176 -595.537048 3.370461 -0.004283 -0.004640 0.863593 0.504150
105.826314 -111.928421 -594.970764 3.361533 -0.006018 -0.005891 0.864090 0.503267
105.930114 -112.268913 -594.391174 3.350060 -0.008308 -0.007681 0.864495 0.502513
106.033888 -112.613228 -593.793030 3.336499 -0.008149 -0.007385 0.865221 0.501269
106.137663 -112.970787 -593.177917 3.327158 -0.008407 -0.007148 0.865680 0.500476
106.241415 -113.339737 -592.550476 3.321537 -0.007491 -0.006482 0.865982 0.499977
106.345164 -113.723045 -591.918030 3.315242 -0.006515 -0.010756 0.866677 0.498712
106.448916 -114.120506 -591.271484 3.313635 -0.005455 -0.014800 0.867033 0.498001
106.552644 -114.514984 -590.605591 3.312380 -0.002495 -0.015606 0.867501 0.497184
106.656395 -114.920364 -589.915405 3.317308 -0.000726 -0.012902 0.868036 0.496334
106.760147 -115.347710 -589.217285 3.329825 -0.003144 -0.013003 0.868236 0.495971
106.863874 -115.784889 -588.511414 3.346331 -0.004780 -0.013922 0.868513 0.495449
106.967601 -116.230499 -587.789734 3.360023 -0.006383 -0.013960 0.869084 0.494426
107.071304 -116.679420 -587.058655 3.367938 -0.005736 -0.013835 0.869733 0.493295
107.175006 -117.147575 -586.308411 3.381595 -0.006475 -0.012320 0.870482 0.492004
107.278707 -117.619110 -585.547363 3.387133 -0.006553 -0.011183 0.871541 0.490151
107.382385 -118.103340 -584.783569 3.398791 -0.006556 -0.010886 0.872808 0.487898
107.486065 -118.591537 -584.008362 3.405550 -0.006540 -0.008821 0.874222 0.485403
107.589766 -119.088409 -583.231995 3.420912 -0.006692 -0.006814 0.875645 0.482862
107.693469 -119.588470 -582.457092 3.430333 -0.006138 -0.005631 0.876818 0.480750
107.797199 -120.092049 -581.687439 3.441055 -0.005288 -0.006144 0.877820 0.478922
107.900948 -120.590462 -580.916199 3.451406 -0.003851 -0.006028 0.878492 0.477704
108.004675 -121.092552 -580.152161 3.465816 -0.003452 -0.008460 0.878887 0.476942
108.108425 -121.599869 -579.386108 3.482951 -0.002802 -0.009720 0.878685 0.477295
108.212199 -122.103012 -578.618225 3.491745 -0.002823 -0.011593 0.878471 0.477647
108.315949 -122.604210 -577.848389 3.502280 -0.004225 -0.013906 0.877897 0.478629
108.419677 -123.099236 -577.073792 3.509930 -0.004929 -0.013151 0.877489 0.479390
108.523454 -123.598404 -576.292236 3.518866 -0.004284 -0.011394 0.877039 0.480265
108.627254 -124.102768 -575.507263 3.533535 -0.004634 -0.010594 0.876402 0.481441
108.731027 -124.608780 -574.721985 3.544662 -0.003461 -0.011375 0.875767 0.482588
108.834777 -125.110344 -573.933655 3.556288 -0.002606 -0.011704 0.875148 0.483707
108.938530 -125.612854 -573.139648 3.567713 -0.002314 -0.011540 0.874533 0.484823
109.042281 -126.112556 -572.341675 3.581039 -0.002288 -0.011531 0.873798 0.486147
109.146007 -126.615067 -571.539551 3.593889 -0.002587 -0.012049 0.873150 0.487296
109.249713 -127.116631 -570.733826 3.612143 -0.001904 -0.011797 0.872486 0.488493
109.353414 -127.614296 -569.927002 3.626263 -0.001579 -0.011749 0.871901 0.489539
109.457136 -128.111649 -569.115967 3.635478 -0.000198 -0.012286 0.871306 0.490587
109.560864 -128.611343 -568.300232 3.647713 -0.000425 -0.012400 0.870960 0.491197
109.664568 -129.111526 -567.483582 3.665071 -0.000067 -0.012415 0.870789 0.491501
109.768248 -129.615692 -566.660156 3.688779 -0.001501 -0.012378 0.870729 0.491605
109.871948 -130.121719 -565.835876 3.711027 -0.001339 -0.012808 0.870727 0.491598
109.975676 -130.629730 -565.011597 3.729070 -0.001424 -0.013646 0.870783 0.491477
110.079381 -131.138855 -564.184387 3.743355 -0.000743 -0.014381 0.871058 0.490968
110.183083 -131.651352 -563.350647 3.763824 -0.000847 -0.013759 0.871438 0.490311
110.286785 -132.164841 -562.515747 3.785936 -0.001000 -0.013053 0.871818 0.489655
110.390441 -132.679443 -561.686157 3.807585 0.000176 -0.014218 0.872157 0.489020
110.494097 -133.193542 -560.858521 3.831605 0.000900 -0.015021 0.872587 0.488226
110.597776 -133.707809 -560.033508 3.859868 0.002314 -0.015602 0.873124 0.487243
110.701429 -134.230881 -559.208862 3.893150 -0.000026 -0.015513 0.873689 0.486238
110.805082 -134.752823 -558.388245 3.925058 -0.001230 -0.014608 0.874290 0.485182
110.908760 -135.275650 -557.568298 3.950364 -0.002998 -0.014120 0.874891 0.484106
111.012438 -135.792099 -556.752258 3.968554 -0.001949 -0.013558 0.875340 0.483314
111.116118 -136.311859 -555.940796 3.984967 -0.001552 -0.013671 0.875948 0.482209
111.219797 -136.831055 -555.133667 4.001503 -0.000687 -0.013301 0.876460 0.481290
111.323476 -137.347916 -554.331238 4.022603 -0.000298 -0.012915 0.877084 0.480163
111.427152 -137.861603 -553.535217 4.041790 0.001382 -0.013110 0.877530 0.479341
111.530831 -138.378159 -552.747314 4.065152 0.001999 -0.014096 0.878014 0.478423
111.634512 -138.896805 -551.959961 4.089083 0.001387 -0.014535 0.878521 0.477481
111.738214 -139.415588 -551.175415 4.110446 -0.000850 -0.014230 0.878957 0.476687
111.841914 -139.934341 -550.391174 4.132831 -0.003375 -0.013223 0.879156 0.476338
111.945618 -140.450424 -549.617493 4.151575 -0.003992 -0.014701 0.879175 0.476255
112.049322 -140.960709 -548.855713 4.174903 -0.002787 -0.016854 0.878859 0.476775
112.153026 -141.467743 -548.090820 4.198119 -0.001762 -0.017889 0.878497 0.477410
112.256754 -141.964279 -547.323669 4.217594 -0.000081 -0.016449 0.877952 0.478467
112.360456 -142.453949 -546.555054 4.239534 0.000774 -0.013624 0.877372 0.479617
112.464138 -142.935806 -545.793640 4.260265 0.002035 -0.012131 0.876916 0.480486
112.567817 -143.414352 -545.045349 4.288994 0.002638 -0.011577 0.876427 0.481389
112.671517 -143.887527 -544.301086 4.317898 0.003521 -0.010541 0.875985 0.482211
112.775219 -144.356354 -543.570679 4.348257 0.003651 -0.011589 0.875428 0.483197
112.878922 -144.819351 -542.854248 4.378447 0.004133 -0.013662 0.874785 0.484302
112.982622 -145.266495 -542.157593 4.406883 0.007725 -0.017458 0.874176 0.485233
113.086300 -145.700378 -541.478821 4.442840 0.009981 -0.019720 0.873589 0.486163
113.189980 -146.127426 -540.812073 4.479958 0.009941 -0.022192 0.873190 0.486773
113.293660 -146.535858 -540.153198 4.511590 0.009352 -0.020278 0.872847 0.487482
113.397364 -146.926895 -539.511292 4.542141 0.008439 -0.017898 0.872712 0.487834
113.501090 -147.300812 -538.897522 4.571584 0.009330 -0.016607 0.872537 0.488176
113.604840 -147.667068 -538.312317 4.607134 0.009809 -0.016836 0.872366 0.488464
113.708569 -148.005371 -537.753662 4.641562 0.013750 -0.015243 0.872332 0.488482
113.812298 -148.334045 -537.219360 4.674675 0.015865 -0.015630 0.872470 0.488160
113.916045 -148.656525 -536.705444 4.710491 0.015352 -0.015810 0.872386 0.488321
114.019768 -148.967026 -536.215454 4.747153 0.013925 -0.016820 0.872325 0.488439
114.123472 -149.260529 -535.740356 4.786744 0.013931 -0.015616 0.872602 0.487983
114.227172 -149.545685 -535.289124 4.831201 0.014479 -0.016513 0.872611 0.487922
114.330898 -149.827240 -534.854980 4.868360 0.015955 -0.019274 0.872412 0.488131
114.434629 -150.104065 -534.430298 4.904771 0.015845 -0.021857 0.872338 0.488157
114.538355 -150.370132 -534.012146 4.936391 0.015358 -0.021951 0.872290 0.488255
114.642105 -150.629379 -533.600159 4.972463 0.014646 -0.021314 0.872322 0.488247
114.745856 -150.884155 -533.195312 5.004522 0.013480 -0.020228 0.872185 0.488572
114.849584 -151.133224 -532.804382 5.035034 0.012294 -0.021945 0.872091 0.488698
114.953338 -151.374939 -532.421387 5.059723 0.011855 -0.022751 0.871867 0.489071
115.057090 -151.606186 -532.043823 5.083420 0.012026 -0.022579 0.871752 0.489278
115.160817 -151.830750 -531.671875 5.105304 0.013116 -0.020976 0.871549 0.489685
115.264518 -152.050919 -531.308716 5.126165 0.013783 -0.019630 0.871483 0.489839
115.368219 -152.266449 -530.954102 5.146744 0.014530 -0.018734 0.871476 0.489865
115.471924 -152.478241 -530.611206 5.165911 0.014461 -0.018500 0.871454 0.489916
115.575604 -152.682220 -530.281982 5.189882 0.015194 -0.018082 0.871413 0.489982
115.679306 -152.877426 -529.963928 5.216350 0.016078 -0.017545 0.871637 0.489575
115.783033 -153.065018 -529.658447 5.252262 0.016623 -0.016981 0.871727 0.489415
115.886735 -153.251114 -529.364807 5.281831 0.017051 -0.018002 0.871805 0.489225
115.990437 -153.429047 -529.082214 5.315892 0.018381 -0.018682 0.871958 0.488879
116.094140 -153.595917 -528.806335 5.347126 0.020821 -0.018295 0.872242 0.488289
116.197844 -153.755432 -528.539185 5.378371 0.022877 -0.017073 0.872636 0.487536
116.301548 -153.914505 -528.278687 5.400758 0.023554 -0.016108 0.873363 0.486233
116.405251 -154.073196 -528.031555 5.421103 0.023957 -0.016873 0.874295 0.484510
116.508952 -154.227493 -527.799683 5.440849 0.023865 -0.018093 0.874839 0.483487
116.612656 -154.376175 -527.580383 5.459634 0.023773 -0.019628 0.875405 0.482406
116.716382 -154.516068 -527.374634 5.482798 0.023083 -0.020287 0.876111 0.481129
116.820109 -154.644348 -527.182068 5.505816 0.022896 -0.020394 0.876739 0.479988
116.923834 -154.761948 -526.996643 5.522766 0.023242 -0.019962 0.877337 0.478896
117.027562 -154.873718 -526.824768 5.539905 0.023647 -0.019470 0.877936 0.477797
117.131290 -154.981796 -526.660889 5.558349 0.024149 -0.019091 0.878346 0.477033
117.235016 -155.084183 -526.512085 5.578133 0.024752 -0.019673 0.878395 0.476888
117.338740 -155.182953 -526.374573 5.595373 0.025219 -0.021209 0.878290 0.476992
117.442492 -155.273239 -526.242981 5.606871 0.025983 -0.021550 0.878131 0.477228
117.546220 -155.356445 -526.118225 5.617031 0.026613 -0.021234 0.877968 0.477507
117.649925 -155.437485 -526.002197 5.626230 0.027229 -0.021184 0.877781 0.477818
117.753628 -155.514313 -525.895203 5.635720 0.027748 -0.021605 0.877851 0.477640
117.857305 -155.586121 -525.793884 5.644777 0.027998 -0.021892 0.878115 0.477129
117.961014 -155.652603 -525.697876 5.654111 0.027987 -0.021749 0.878199 0.476980
118.064717 -155.714539 -525.611633 5.665418 0.028125 -0.021899 0.878257 0.476858
118.168387 -155.774643 -525.532104 5.674027 0.028360 -0.022775 0.878333 0.476664
118.272091 -155.832657 -525.456848 5.683998 0.028270 -0.023895 0.878421 0.476451
118.375793 -155.884277 -525.381531 5.690960 0.028320 -0.024153 0.878529 0.476237
118.479470 -155.928635 -525.309204 5.698166 0.028622 -0.023568 0.878640 0.476043
118.583172 -155.971832 -525.245239 5.705251 0.028911 -0.023252 0.878732 0.475871
118.686899 -156.012115 -525.185486 5.709918 0.028962 -0.023725 0.878857 0.475614
118.790625 -156.048828 -525.126709 5.709045 0.029120 -0.024189 0.878940 0.475428
118.894333 -156.083298 -525.074402 5.713258 0.029375 -0.024372 0.879026 0.475244
118.998038 -156.114319 -525.025513 5.722547 0.029610 -0.024097 0.879115 0.475078
119.101759 -156.145004 -524.979309 5.729537 0.029814 -0.023967 0.879184 0.474945
119.205460 -156.174789 -524.936401 5.736187 0.030135 -0.023906 0.879261 0.474784
119.309163 -156.201767 -524.897522 5.740634 0.030255 -0.024063 0.879318 0.474663
119.412893 -156.226364 -524.861389 5.746378 0.030428 -0.024134 0.879383 0.474529
119.516597 -156.247940 -524.829895 5.751769 0.030663 -0.024121 0.879443 0.474403
119.620297 -156.268417 -524.800842 5.758128 0.030800 -0.024067 0.879484 0.474321
119.724023 -156.287262 -524.776550 5.763646 0.030835 -0.024142 0.879516 0.474255
119.827724 -156.303421 -524.756348 5.769079 0.030875 -0.024242 0.879539 0.474205
119.931426 -156.317154 -524.740417 5.772526 0.030922 -0.024489 0.879572 0.474129
120.035105 -156.328690 -524.727539 5.774725 0.030930 -0.024643 0.879606 0.474057
120.138762 -156.338516 -524.717163 5.776612 0.030954 -0.024729 0.879619 0.474026
120.242441 -156.346619 -524.707581 5.775356 0.031092 -0.024764 0.879613 0.474026
120.346119 -156.354218 -524.698181 5.772445 0.031319 -0.024914 0.879633 0.473967
120.449798 -156.361969 -524.689148 5.769596 0.031635 -0.025142 0.879663 0.473877
120.553477 -156.369919 -524.670898 5.761630 0.031966 -0.025354 0.879669 0.473834
120.657157 -156.379044 -524.652283 5.754665 0.032148 -0.025446 0.879688 0.473780
120.760838 -156.389679 -524.624634 5.744050 0.032254 -0.025482 0.879698 0.473753
120.864515 -156.403580 -524.596191 5.736314 0.032137 -0.025438 0.879725 0.473712
120.968193 -156.418488 -524.565308 5.730488 0.032078 -0.025412 0.879776 0.473625
121.071872 -156.434967 -524.536560 5.728297 0.032027 -0.025318 0.879752 0.473676
121.175577 -156.453781 -524.508057 5.727789 0.031840 -0.025398 0.879740 0.473707
121.279303 -156.475800 -524.475708 5.727516 0.031885 -0.025393 0.879770 0.473649
121.383002 -156.499954 -524.440186 5.727890 0.031782 -0.025372 0.879777 0.473644
121.486705 -156.528122 -524.401367 5.728748 0.031633 -0.025325 0.879732 0.473741
121.590409 -156.558517 -524.360413 5.731020 0.031406 -0.025341 0.879718 0.473780
121.694111 -156.592361 -524.314270 5.737629 0.031275 -0.025533 0.879749 0.473721
121.797839 -156.627838 -524.264648 5.744123 0.031208 -0.025678 0.879758 0.473700
121.901567 -156.665909 -524.208557 5.753551 0.031255 -0.025726 0.879812 0.473595
122.005294 -156.705200 -524.149597 5.763015 0.031404 -0.025571 0.879891 0.473447
122.108995 -156.748810 -524.086304 5.775425 0.031477 -0.025347 0.879891 0.473453
122.212722 -156.794617 -524.019897 5.788002 0.031662 -0.025200 0.879850 0.473525
122.316449 -156.843811 -523.948608 5.803094 0.031771 -0.025163 0.879856 0.473508
122.420126 -156.894653 -523.874329 5.817353 0.031763 -0.025233 0.879908 0.473409
122.523805 -156.947159 -523.796265 5.831686 0.031763 -0.025065 0.879945 0.473350
122.627485 -157.005844 -523.714355 5.847884 0.031477 -0.025090 0.879943 0.473372
122.731164 -157.066071 -523.631226 5.861503 0.031073 -0.025292 0.879979 0.473320
122.834819 -157.127487 -523.547058 5.879346 0.030794 -0.025517 0.879969 0.473345
122.938472 -157.187332 -523.458435 5.891732 0.031134 -0.025559 0.879990 0.473281
123.042150 -157.248825 -523.364746 5.906155 0.031558 -0.025116 0.879985 0.473287
123.145829 -157.312241 -523.269958 5.921348 0.031845 -0.024853 0.879890 0.473458
123.249508 -157.375320 -523.173279 5.939138 0.031938 -0.024445 0.879939 0.473381
123.353213 -157.436340 -523.074158 5.954811 0.032502 -0.023163 0.880012 0.473271
123.456939 -157.497604 -522.977051 5.973670 0.032706 -0.021843 0.879930 0.473472
123.560642 -157.560013 -522.886230 5.994994 0.032350 -0.021547 0.879936 0.473499
123.664344 -157.621231 -522.800903 6.014261 0.031897 -0.021857 0.879998 0.473400
123.768048 -157.680267 -522.719971 6.031731 0.031937 -0.022096 0.879925 0.473522
123.871751 -157.735382 -522.640564 6.044724 0.031973 -0.021983 0.879969 0.473443
123.975451 -157.788712 -522.565613 6.060293 0.031784 -0.021879 0.880155 0.473115
124.079154 -157.837448 -522.496704 6.074361 0.031515 -0.021606 0.880280 0.472913
124.182860 -157.884811 -522.433472 6.091471 0.030932 -0.021545 0.880369 0.472789
124.286562 -157.926193 -522.376770 6.102615 0.030624 -0.021464 0.880542 0.472491
124.390265 -157.964935 -522.326721 6.113879 0.030424 -0.021434 0.880631 0.472339
124.493945 -157.996674 -522.285400 6.119575 0.030508 -0.021405 0.880645 0.472309
124.597623 -158.023148 -522.251343 6.126337 0.030543 -0.021681 0.880800 0.472004
124.701303 -158.040344 -522.226074 6.133934 0.030629 -0.021589 0.880822 0.471963
124.804982 -158.051056 -522.210632 6.139030 0.030641 -0.021510 0.880827 0.471956
124.908659 -158.055283 -522.205322 6.141360 0.030609 -0.021357 0.880896 0.471835
125.012339 -158.054901 -522.209473 6.140934 0.030818 -0.021531 0.880856 0.471889
125.116018 -158.057541 -522.209900 6.143744 0.031469 -0.021998 0.880826 0.471881
125.219698 -158.061325 -522.206909 6.145933 0.032023 -0.022336 0.880803 0.471871
125.323399 -158.065842 -522.202881 6.146097 0.031828 -0.022146 0.880799 0.471899
125.427125 -158.068344 -522.203003 6.148386 0.031702 -0.022004 0.880842 0.471835
125.530854 -158.074356 -522.203125 6.158037 0.031750 -0.022061 0.880845 0.471823
125.634556 -158.079300 -522.203674 6.164902 0.031572 -0.022001 0.880833 0.471861
125.738209 -158.082825 -522.206299 6.172301 0.031614 -0.022019 0.880865 0.471798
125.841865 -158.084366 -522.208740 6.176498 0.031733 -0.022040 0.880846 0.471824
125.945544 -158.085785 -522.208984 6.177810 0.031588 -0.021970 0.880845 0.471839
126.049223 -158.087219 -522.209351 6.178871 0.031587 -0.022014 0.880881 0.471769
126.152902 -158.087906 -522.211243 6.179531 0.031656 -0.022008 0.880865 0.471796
126.256581 -158.089050 -522.211304 6.177150 0.031619 -0.021990 0.880883 0.471765
126.360285 -158.090408 -522.211182 6.174814 0.031576 -0.021997 0.880890 0.471754
126.464011 -158.091278 -522.212341 6.175833 0.031613 -0.022016 0.880868 0.471793
126.567711 -158.092560 -522.212646 6.174256 0.031637 -0.022005 0.880878 0.471772
126.671413 -158.094315 -522.211609 6.171629 0.031605 -0.021988 0.880868 0.471794
