0.000000 0.000000 0.000000 0.779000 0.001240 -0.026589 -0.135076 0.990478
0.207829 0.255399 -0.050745 0.803424 0.000212 -0.026356 -0.153763 0.987756
0.415961 0.552458 -0.184349 0.810746 0.000311 -0.024623 -0.184162 0.982587
0.624183 0.891390 -0.406249 0.822129 0.003712 -0.023724 -0.222575 0.974620
0.832479 1.284338 -0.660792 0.838928 0.004474 -0.020471 -0.268420 0.963074
1.040736 1.644734 -1.012069 0.840477 0.011299 -0.014335 -0.315462 0.948763
1.248990 2.013633 -1.414431 0.879534 0.015623 -0.009840 -0.367658 0.929778
1.457140 2.370019 -1.906345 0.866073 0.019083 -0.005286 -0.421188 0.906757
1.665145 2.660278 -2.473624 0.868566 0.024389 -0.003019 -0.474081 0.880138
1.872936 2.941536 -3.131253 0.860670 0.027411 -0.001778 -0.523842 0.851372
2.080534 3.215564 -3.901777 0.846134 0.027674 0.001837 -0.568671 0.822098
2.287869 3.414582 -4.775007 0.815490 0.029224 0.004190 -0.605883 0.795006
2.495131 3.592781 -5.721773 0.776548 0.029267 0.005197 -0.638603 0.768962
2.702344 3.693511 -6.789966 0.733493 0.029931 0.002124 -0.664406 0.746769
2.909434 3.769879 -7.975800 0.686383 0.030043 0.000138 -0.682363 0.730396
3.116504 3.813199 -9.281784 0.637999 0.031468 0.000196 -0.692396 0.720831
3.323767 3.855416 -10.643719 0.583950 0.032469 0.002670 -0.700141 0.713261
3.531104 3.859885 -12.096195 0.520388 0.033658 0.004846 -0.707335 0.706060
3.738458 3.828527 -13.638917 0.448481 0.034901 0.006363 -0.714727 0.698504
3.945841 3.779327 -15.230640 0.367302 0.036842 0.010049 -0.721765 0.691084
4.153293 3.688358 -16.820667 0.276665 0.039029 0.012711 -0.730405 0.681780
4.360770 3.546122 -18.436939 0.181503 0.039202 0.012990 -0.740271 0.671038
4.568344 3.345388 -20.030268 0.089121 0.037978 0.013716 -0.752625 0.657210
4.776159 3.089381 -21.642139 -0.012833 0.035788 0.016445 -0.770808 0.635849
4.984118 2.698436 -23.252193 -0.123940 0.034890 0.017684 -0.791697 0.609661
5.191956 2.180328 -24.844734 -0.224201 0.033524 0.018134 -0.811623 0.582937
5.399718 1.570868 -26.416563 -0.340704 0.031169 0.015140 -0.830145 0.556470
5.607390 0.822555 -27.941732 -0.436477 0.030446 0.007878 -0.847309 0.530168
5.814986 -0.002854 -29.408451 -0.519485 0.030646 0.000260 -0.862097 0.505816
6.022416 -0.906758 -30.832844 -0.578438 -0.024321 0.010435 0.875483 -0.482524
6.229774 -1.827155 -32.178631 -0.589173 -0.010481 0.017295 0.888374 -0.458675
6.437179 -2.834553 -33.483154 -0.557002 -0.005144 0.021384 0.900017 -0.435299
6.644488 -3.901754 -34.751930 -0.517424 -0.009635 0.021435 0.909932 -0.414092
6.851827 -5.046867 -35.963238 -0.501524 -0.014625 0.024427 0.917216 -0.397371
7.059059 -6.161912 -37.129341 -0.482095 -0.013956 0.027224 0.921955 -0.386087
7.266368 -7.294439 -38.257637 -0.461031 -0.011915 0.023504 0.926846 -0.374516
7.473701 -8.462493 -39.361683 -0.454853 -0.011864 0.025916 0.930349 -0.365566
7.680992 -9.689203 -40.518875 -0.441916 -0.009564 0.027168 0.931223 -0.363311
7.888224 -10.956044 -41.715355 -0.421612 -0.010238 0.027528 0.929358 -0.368009
8.095630 -12.240562 -42.967091 -0.412500 -0.009582 0.026213 0.926252 -0.375869
8.303107 -13.555701 -44.277695 -0.395481 -0.008643 0.023708 0.923727 -0.382219
8.510731 -14.912214 -45.656158 -0.382510 -0.007821 0.019634 0.923291 -0.383520
8.718351 -16.306395 -47.068050 -0.369153 -0.008073 0.018448 0.923608 -0.382809
8.925900 -17.737503 -48.514015 -0.357828 -0.008822 0.018168 0.923612 -0.382797
9.133448 -19.193176 -49.986061 -0.340415 -0.009105 0.017078 0.923593 -0.382885
9.340952 -20.647659 -51.455402 -0.325244 -0.009147 0.016139 0.923534 -0.383067
9.548434 -22.086912 -52.914776 -0.310260 -0.010821 0.015283 0.922845 -0.384715
9.755907 -23.526358 -54.388138 -0.289712 -0.012050 0.015078 0.921803 -0.387177
9.963433 -24.943481 -55.849838 -0.277176 -0.012231 0.015541 0.921000 -0.389061
10.171098 -26.349998 -57.296227 -0.262170 -0.010212 0.015539 0.921754 -0.387329
10.378803 -27.781672 -58.736340 -0.249050 -0.009502 0.014318 0.923703 -0.382724
10.586509 -29.216118 -60.138939 -0.231071 -0.011982 0.013536 0.926044 -0.376983
10.794160 -30.641411 -61.511719 -0.222822 -0.010526 0.014692 0.928252 -0.371514
11.001682 -32.064823 -62.862404 -0.208958 -0.009163 0.013788 0.930140 -0.366831
11.209160 -33.492596 -64.189651 -0.196348 -0.012463 0.012396 0.931436 -0.363481
11.416614 -34.936733 -65.520691 -0.203797 -0.019576 0.010416 0.932064 -0.361615
11.624020 -36.346462 -66.809517 -0.213667 -0.015292 0.012702 0.932700 -0.360106
11.831476 -37.763741 -68.070618 -0.221511 -0.015532 0.016719 0.932931 -0.359332
12.038833 -39.171772 -69.365494 -0.234115 -0.018725 0.014529 0.932598 -0.360138
12.246286 -40.569927 -70.664009 -0.244444 -0.021229 0.009200 0.932328 -0.360872
12.453786 -41.951778 -71.967499 -0.289023 -0.020884 0.005258 0.931617 -0.362803
12.661217 -43.313026 -73.239845 -0.318260 -0.021073 0.009375 0.929981 -0.366884
12.868574 -44.666962 -74.507225 -0.339924 -0.022591 0.012930 0.926605 -0.375134
13.076002 -45.975670 -75.844902 -0.377625 -0.022727 0.012869 0.922278 -0.385645
13.283456 -47.250015 -77.200073 -0.401807 -0.024831 0.011731 0.917158 -0.397577
13.490911 -48.491444 -78.583031 -0.437434 -0.025670 0.012664 0.911763 -0.409718
13.698434 -49.675499 -79.981865 -0.469027 -0.022049 0.017872 0.906277 -0.421730
13.905938 -50.832180 -81.426559 -0.500151 -0.018254 0.018003 0.900590 -0.433913
14.113484 -51.947201 -82.888763 -0.491914 -0.020035 0.016700 0.895193 -0.444915
14.321179 -53.006878 -84.345856 -0.504346 -0.012488 0.016815 0.892076 -0.451399
14.528848 -54.066204 -85.822693 -0.497975 -0.008606 0.015305 0.890352 -0.454935
14.736471 -55.105682 -87.317719 -0.479390 -0.008802 0.012979 0.887839 -0.459887
14.944071 -56.132099 -88.801376 -0.469391 -0.011368 0.010758 0.885060 -0.465213
15.151570 -57.099648 -90.305702 -0.461310 -0.007978 0.006827 0.881982 -0.471167
15.359096 -58.061409 -91.789932 -0.440988 -0.005775 0.009633 0.878642 -0.477350
15.566621 -59.023384 -93.319672 -0.435390 -0.007051 0.007748 0.875197 -0.483654
15.774170 -59.963814 -94.860725 -0.415292 -0.007403 0.007083 0.871679 -0.489971
15.981770 -60.857178 -96.381874 -0.398514 -0.005225 0.007791 0.868378 -0.495814
16.189267 -61.748787 -97.935600 -0.386317 0.006411 -0.008807 -0.864511 0.502495
16.396820 -62.615009 -99.490417 -0.370145 0.007756 -0.012078 -0.860695 0.508919
16.604395 -63.426216 -101.065086 -0.342032 0.005707 -0.007886 -0.857382 0.514589
16.812039 -64.263771 -102.644127 -0.325106 0.006804 -0.009016 -0.854956 0.518577
17.019610 -65.074692 -104.218552 -0.313787 0.008268 -0.011203 -0.852198 0.523034
17.227234 -65.884064 -105.816559 -0.295331 0.012904 -0.014957 -0.849329 0.527494
17.434856 -66.652557 -107.417885 -0.277143 0.011344 -0.015123 -0.847250 0.530858
17.642501 -67.414764 -109.013390 -0.268525 0.010549 -0.013887 -0.846325 0.532382
17.850172 -68.168030 -110.595703 -0.264057 0.014603 -0.012018 -0.845752 0.533241
18.057789 -68.913864 -112.178131 -0.254466 0.015042 -0.012572 -0.845284 0.533957
18.265388 -69.652809 -113.747574 -0.246964 0.012549 -0.011880 -0.845139 0.534268
18.472939 -70.387589 -115.299171 -0.234642 0.012880 -0.011986 -0.844812 0.534773
18.680464 -71.094131 -116.847740 -0.214981 0.008825 -0.009354 -0.844635 0.535189
18.887920 -71.805237 -118.404449 -0.203554 0.005224 -0.008534 -0.844448 0.535544
19.095371 -72.517593 -119.951569 -0.171642 0.004842 -0.009916 -0.843924 0.536350
19.302851 -73.245155 -121.485023 -0.165058 0.009908 -0.013925 -0.842617 0.538242
19.510326 -73.946320 -122.977737 -0.154954 0.013858 -0.013317 -0.840996 0.540700
19.717780 -74.616287 -124.470535 -0.132072 0.012973 -0.017972 -0.837940 0.545311
19.925164 -75.251175 -125.969963 -0.121403 0.012432 -0.016485 -0.833082 0.552765
20.132472 -75.852234 -127.443054 -0.096448 0.016687 -0.021607 -0.825759 0.563362
20.339900 -76.402756 -128.947510 -0.074265 0.016244 -0.022327 -0.817903 0.574693
20.547377 -76.900024 -130.430161 -0.033688 0.016343 -0.028293 -0.809904 0.585652
20.754926 -77.303101 -131.874893 0.003752 0.005420 -0.028493 -0.802281 0.596242
20.962549 -77.697777 -133.343246 0.060966 0.002346 -0.025217 -0.794715 0.606454
21.170296 -78.066338 -134.821243 0.130599 0.002795 -0.026767 -0.788413 0.614557
21.378104 -78.405815 -136.254440 0.182739 -0.005302 -0.026592 -0.785033 0.618860
21.586039 -78.754387 -137.744858 0.260217 -0.005129 -0.020023 -0.785458 0.618570
21.793945 -79.100883 -139.196808 0.320810 -0.002567 -0.020736 -0.787469 0.616000
22.001859 -79.478378 -140.664795 0.387089 -0.001862 -0.020433 -0.789956 0.612820
22.209719 -79.848053 -142.123688 0.438743 -0.002443 -0.018711 -0.793356 0.608465
22.417485 -80.248703 -143.585373 0.500468 0.000416 -0.019603 -0.796684 0.604078
22.625129 -80.633644 -144.954803 0.552843 -0.001434 -0.018952 -0.799648 0.600168
22.832608 -81.045563 -146.320557 0.606159 -0.001212 -0.022173 -0.800958 0.598308
23.039964 -81.460136 -147.691132 0.663101 0.001671 -0.021942 -0.799638 0.600079
23.247178 -81.844559 -149.051224 0.720613 0.002808 -0.023815 -0.794066 0.607358
23.454440 -82.172585 -150.373795 0.782189 0.003278 -0.024073 -0.785213 0.618749
23.661726 -82.444107 -151.734558 0.821903 0.005930 -0.019924 -0.775162 0.631421
23.869131 -82.664810 -153.064346 0.849213 0.011442 -0.015902 -0.764385 0.644462
24.076537 -82.837830 -154.389984 0.880154 0.015384 -0.013925 -0.752825 0.657894
24.283968 -82.965248 -155.690002 0.904351 0.016283 -0.013969 -0.741023 0.671137
24.491490 -83.031799 -156.990982 0.902427 0.015054 -0.010032 -0.730471 0.682704
24.699086 -83.101074 -158.284805 0.918498 0.019149 -0.010881 -0.721967 0.691577
24.906635 -83.115128 -159.496841 0.954099 0.015266 -0.011922 -0.715151 0.698702
25.114138 -83.128334 -160.713058 0.962185 0.009602 -0.019629 -0.708964 0.704906
25.321712 -83.114342 -162.008041 0.948341 0.010249 -0.015496 -0.704310 0.709649
25.529310 -83.102173 -163.258698 0.970404 0.015219 -0.006875 -0.701353 0.712619
25.736930 -83.085373 -164.527405 0.998909 0.017758 -0.009335 -0.700700 0.713174
25.944459 -83.051735 -165.787949 0.987268 0.018101 -0.009224 -0.699347 0.714493
26.151843 -83.012077 -167.105942 0.983369 0.021123 -0.006178 -0.697099 0.716637
26.359198 -82.957260 -168.415588 0.976387 0.023795 -0.005746 -0.693351 0.720184
26.566556 -82.879868 -169.735397 0.973620 0.026928 -0.005554 -0.686746 0.726378
26.773984 -82.770554 -171.046936 0.969891 0.024339 -0.006730 -0.678225 0.734420
26.981389 -82.623123 -172.364929 0.947225 0.022723 -0.008525 -0.668919 0.742939
27.188818 -82.452568 -173.719391 0.936460 0.023654 -0.006863 -0.660013 0.750851
27.396297 -82.229607 -175.068863 0.923248 0.022561 -0.003819 -0.651247 0.758521
27.603918 -81.994331 -176.430862 0.895654 0.022303 -0.001484 -0.646254 0.762795
27.811659 -81.778404 -177.840897 0.877800 0.025303 -0.003618 -0.645110 0.763662
28.019448 -81.544678 -179.254272 0.860639 0.026123 -0.006202 -0.645699 0.763120
28.227141 -81.309692 -180.717804 0.819211 0.029420 -0.006373 -0.645829 0.762888
28.434815 -81.067947 -182.197556 0.802941 0.031696 -0.004536 -0.646857 0.761939
28.642460 -80.810440 -183.688629 0.775181 0.031677 -0.003096 -0.648144 0.760852
28.850032 -80.572281 -185.174316 0.753769 0.030950 -0.004669 -0.649382 0.759818
29.057545 -80.338539 -186.652878 0.726472 0.026703 -0.006711 -0.650297 0.759181
29.265012 -80.097916 -188.143784 0.701067 0.027674 -0.003328 -0.651320 0.758291
29.472537 -79.862877 -189.615402 0.676252 0.025983 -0.000281 -0.654421 0.755684
29.680156 -79.672951 -191.065063 0.638942 0.027039 -0.000175 -0.660821 0.750056
29.887827 -79.513939 -192.532913 0.629993 0.025912 -0.001870 -0.669151 0.742672
30.095546 -79.372269 -194.006897 0.570162 0.028718 0.000299 -0.677871 0.734620
30.303095 -79.287407 -195.520309 0.543996 0.035148 0.003994 -0.683533 0.729061
30.510479 -79.187630 -197.018509 0.482200 0.035428 0.006926 -0.685796 0.726898
30.717792 -79.105186 -198.510330 0.424371 0.035698 0.006278 -0.686717 0.726020
30.925191 -79.005013 -200.028275 0.353160 0.034017 0.007547 -0.686686 0.726119
31.132570 -78.910698 -201.563370 0.274790 0.035030 0.008172 -0.685486 0.727197
31.340026 -78.829613 -203.114334 0.202677 0.036914 0.007325 -0.683393 0.729080
31.547458 -78.698235 -204.678665 0.121219 0.037386 0.011451 -0.679905 0.732257
31.754861 -78.559891 -206.250183 0.041017 0.038906 0.013288 -0.676142 0.735623
31.962339 -78.390610 -207.808258 -0.036690 0.034781 0.013153 -0.672897 0.738801
32.169746 -78.208733 -209.369156 -0.125712 0.032680 0.013856 -0.669489 0.741974
32.377200 -78.022781 -210.930969 -0.204898 0.030723 0.012934 -0.666499 0.744761
32.584652 -77.831268 -212.494278 -0.272747 0.030143 0.013855 -0.662908 0.747965
32.792031 -77.633644 -214.058029 -0.341239 0.032300 0.010741 -0.659469 0.750961
32.999462 -77.398285 -215.629776 -0.404736 0.030496 0.012361 -0.656067 0.753985
33.206915 -77.160797 -217.198196 -0.477115 0.029513 0.011975 -0.652531 0.757093
33.414394 -76.900780 -218.763733 -0.529568 0.024426 0.009150 -0.649686 0.759755
33.621918 -76.626488 -220.336945 -0.609342 0.023860 0.016553 -0.647545 0.761473
33.829370 -76.346649 -221.953293 -0.695499 0.031814 0.023807 -0.645644 0.762604
34.036752 -76.082237 -223.516190 -0.769675 0.033858 0.022434 -0.643395 0.764457
34.244133 -75.794540 -225.074921 -0.858113 0.030141 0.018272 -0.640181 0.767415
34.451540 -75.494339 -226.629639 -0.941885 0.028612 0.016308 -0.636790 0.770333
34.658920 -75.170509 -228.220718 -1.023596 0.030118 0.017935 -0.633748 0.772745
34.866373 -74.844025 -229.812332 -1.116871 0.035480 0.020480 -0.631124 0.774600
35.073902 -74.499931 -231.412109 -1.220888 0.040671 0.023284 -0.629125 0.775890
35.281349 -74.149902 -232.979645 -1.316896 0.037275 0.023193 -0.627845 0.777100
35.488782 -73.790779 -234.536987 -1.416673 0.028551 0.015797 -0.627713 0.777761
35.696166 -73.424614 -236.149872 -1.508548 0.031341 0.018541 -0.627354 0.777882
35.903547 -73.083664 -237.729187 -1.590433 0.033013 0.017387 -0.626328 0.778666
36.110929 -72.731407 -239.333588 -1.680700 0.035989 0.017951 -0.624970 0.779613
36.318379 -72.357613 -240.922531 -1.778884 0.036219 0.019659 -0.624113 0.780246
36.525886 -71.991096 -242.500427 -1.864145 0.034825 0.017551 -0.623082 0.781183
36.733385 -71.616234 -244.106659 -1.963289 0.036880 0.018189 -0.620566 0.783075
36.940887 -71.223114 -245.702698 -2.061384 0.038193 0.018164 -0.617105 0.785744
37.148366 -70.803391 -247.290207 -2.142230 0.035320 0.017944 -0.613309 0.788849
37.355772 -70.375572 -248.876083 -2.234359 0.034197 0.014302 -0.607806 0.793220
37.563082 -69.916664 -250.476181 -2.316782 0.037209 0.011322 -0.599346 0.799544
37.770392 -69.399216 -252.057709 -2.389644 0.038067 0.010606 -0.587313 0.808394
37.977795 -68.839561 -253.628937 -2.468731 0.039935 0.013356 -0.574573 0.817369
38.185417 -68.232994 -255.157684 -2.533507 0.036104 0.015549 -0.564722 0.824345
38.393183 -67.613792 -256.651642 -2.621903 0.031178 0.017009 -0.560647 0.827293
38.601189 -67.007233 -258.148560 -2.691680 0.023960 0.018933 -0.565693 0.824051
38.809264 -66.433434 -259.678436 -2.773518 0.021541 0.016327 -0.575919 0.817060
39.017247 -65.916656 -261.237762 -2.835144 0.022762 0.018211 -0.585339 0.810264
39.225014 -65.434738 -262.795807 -2.901253 0.024907 0.016712 -0.593845 0.804020
39.432706 -64.970100 -264.370148 -2.964692 0.024247 0.015496 -0.601527 0.798334
39.640182 -64.513412 -265.962402 -3.038058 0.023933 0.019660 -0.607012 0.794089
39.847614 -64.066566 -267.583405 -3.118029 0.026329 0.024863 -0.610582 0.791124
40.055042 -63.638729 -269.182465 -3.202735 0.021481 0.022992 -0.613122 0.789361
40.262471 -63.217545 -270.770355 -3.277289 0.014000 0.016427 -0.614840 0.788356
40.469926 -62.788155 -272.423798 -3.340730 0.013702 0.019262 -0.615634 0.787678
40.677403 -62.373356 -274.082550 -3.402083 0.017167 0.019367 -0.615266 0.787895
40.884834 -61.945839 -275.743469 -3.470377 0.019031 0.019959 -0.612854 0.789715
41.092187 -61.499584 -277.401459 -3.537591 0.018979 0.020303 -0.609449 0.792338
41.299521 -61.023346 -279.080505 -3.614735 0.017649 0.020108 -0.605805 0.795163
41.506859 -60.549652 -280.765686 -3.679594 0.017721 0.015226 -0.601512 0.798522
41.714247 -60.029381 -282.452393 -3.731344 0.017283 0.014969 -0.595123 0.803309
41.921645 -59.470634 -284.152100 -3.800785 0.018031 0.021098 -0.588227 0.808220
42.129033 -58.873436 -285.858673 -3.889841 0.019419 0.025917 -0.581756 0.812719
42.336410 -58.265999 -287.557556 -3.965699 0.018511 0.021269 -0.574409 0.818083
42.543790 -57.631161 -289.244232 -4.039100 0.015541 0.014149 -0.567315 0.823233
42.751196 -56.974663 -290.948730 -4.101176 0.019380 0.008513 -0.560494 0.827888
42.958577 -56.270134 -292.665314 -4.156807 0.025800 0.010683 -0.552345 0.833147
43.166054 -55.509258 -294.373657 -4.209233 0.028498 0.013549 -0.545121 0.837763
43.373604 -54.708576 -296.079651 -4.285949 0.024975 0.017030 -0.538365 0.842170
43.581155 -53.903118 -297.771912 -4.359237 0.026251 0.017139 -0.533358 0.845309
43.788631 -53.073338 -299.460663 -4.440873 0.026224 0.012631 -0.528713 0.848302
43.996087 -52.206249 -301.160614 -4.508735 0.025127 0.015057 -0.524019 0.851203
44.203539 -51.320557 -302.852722 -4.588870 0.026215 0.017007 -0.519242 0.854056
44.411043 -50.423218 -304.520447 -4.663092 0.023534 0.013941 -0.514552 0.857023
44.618541 -49.529087 -306.211639 -4.729594 0.026869 0.011049 -0.509644 0.859895
44.825994 -48.603165 -307.875916 -4.787324 0.030524 0.008735 -0.504259 0.862969
45.033472 -47.651096 -309.542145 -4.847768 0.033899 0.007874 -0.499103 0.865843
45.240996 -46.674168 -311.174072 -4.903204 0.033789 0.007796 -0.494687 0.868379
45.448476 -45.688969 -312.798370 -4.965783 0.034535 0.006841 -0.490018 0.871001
45.656023 -44.691357 -314.406128 -5.023046 0.034365 0.006846 -0.485009 0.873807
45.863599 -43.672974 -316.001404 -5.068504 0.034024 0.008270 -0.480443 0.876327
46.071172 -42.627678 -317.569763 -5.139893 0.032147 0.011696 -0.476922 0.878280
46.278793 -41.587952 -319.149078 -5.208746 0.035069 0.013448 -0.474466 0.879472
46.486437 -40.558514 -320.692291 -5.268496 0.033343 0.007488 -0.473331 0.880221
46.694131 -39.515785 -322.268646 -5.335261 0.034204 0.007431 -0.474134 0.879757
46.901803 -38.462837 -323.853851 -5.406729 0.034976 0.011125 -0.476218 0.878561
47.109593 -37.424721 -325.445374 -5.473326 0.032373 0.010737 -0.481240 0.875925
47.317284 -36.396397 -327.066895 -5.542655 0.030014 0.009012 -0.488002 0.872280
47.524953 -35.391846 -328.716461 -5.606620 0.029657 0.009873 -0.495193 0.868221
47.732576 -34.400932 -330.385651 -5.676581 0.029179 0.016229 -0.502168 0.864125
47.940124 -33.441021 -332.080170 -5.772159 0.028457 0.018457 -0.510018 0.859495
48.147603 -32.525913 -333.790558 -5.858792 0.025490 0.013801 -0.516626 0.855720
48.355018 -31.624281 -335.536560 -5.933937 0.026863 0.015367 -0.522268 0.852220
48.562413 -30.727936 -337.305481 -6.016508 0.027612 0.016564 -0.527343 0.849042
48.769840 -29.850811 -339.097900 -6.103516 0.027083 0.018670 -0.531863 0.846191
48.977199 -28.972401 -340.903595 -6.199060 0.026115 0.019713 -0.535779 0.843724
49.184608 -28.122705 -342.722839 -6.297023 0.024200 0.020536 -0.539603 0.841321
49.391964 -27.283785 -344.559235 -6.391168 0.024505 0.021003 -0.542925 0.839161
49.599367 -26.439861 -346.407806 -6.484628 0.024891 0.022319 -0.546019 0.837105
49.806798 -25.624157 -348.252563 -6.583308 0.024867 0.022766 -0.549269 0.834965
50.014155 -24.832066 -350.107483 -6.689158 0.023908 0.022630 -0.551746 0.833362
50.221479 -24.044741 -351.990814 -6.804941 0.029470 0.025673 -0.552419 0.832650
50.428902 -23.255817 -353.866699 -6.923095 0.032831 0.025726 -0.552655 0.832366
50.636344 -22.470814 -355.729889 -7.037162 0.030720 0.019600 -0.553667 0.831941
50.843750 -21.689964 -357.590363 -7.140234 0.031629 0.018596 -0.554710 0.831234
51.051187 -20.909849 -359.483765 -7.249517 0.036505 0.019928 -0.555639 0.830383
51.258525 -20.141674 -361.354584 -7.364838 0.038976 0.020699 -0.555678 0.830225
51.465865 -19.374687 -363.226074 -7.478401 0.039564 0.017755 -0.555805 0.830181
51.673232 -18.594509 -365.102051 -7.609338 0.040019 0.019364 -0.555891 0.830065
51.880593 -17.819784 -366.972687 -7.721490 0.042643 0.017380 -0.556385 0.829648
52.087949 -17.042660 -368.868744 -7.851331 0.042410 0.016889 -0.556710 0.829452
52.295379 -16.271513 -370.742065 -7.980521 0.044858 0.017136 -0.556439 0.829500
52.502854 -15.505850 -372.611908 -8.109629 0.048943 0.016153 -0.556082 0.829528
52.710404 -14.752092 -374.467682 -8.240984 0.054464 0.013556 -0.555417 0.829675
52.917907 -13.994802 -376.301392 -8.381094 0.058424 0.013034 -0.554338 0.830136
53.125384 -13.242382 -378.107635 -8.511541 0.060323 0.013352 -0.552859 0.830981
53.332850 -12.494466 -379.880615 -8.648449 0.062453 0.012485 -0.551394 0.831811
53.540242 -11.749734 -381.586639 -8.777546 0.063124 0.016414 -0.550202 0.832480
53.747748 -11.018027 -383.226532 -8.921410 0.062303 0.024526 -0.550104 0.832408
53.955249 -10.309076 -384.819550 -9.068223 0.058735 0.029617 -0.550482 0.832251
54.162748 -9.635613 -386.338440 -9.219762 0.055615 0.032014 -0.551321 0.831822
54.370129 -9.002808 -387.805054 -9.368609 0.054437 0.030947 -0.552196 0.831359
54.577534 -8.399027 -389.220703 -9.510186 0.054211 0.030991 -0.552726 0.831021
54.784989 -7.820444 -390.585266 -9.647901 0.053563 0.031716 -0.555073 0.829469
54.992561 -7.259037 -391.932800 -9.784829 0.052392 0.034331 -0.560392 0.825855
55.200133 -6.741730 -393.244568 -9.905719 0.050181 0.032526 -0.566565 0.821844
55.407756 -6.237567 -394.576660 -10.034892 0.046080 0.031483 -0.574676 0.816476
55.615330 -5.762409 -395.931000 -10.174803 0.044656 0.038100 -0.584039 0.809600
55.822845 -5.327258 -397.313293 -10.327918 0.047614 0.042281 -0.592839 0.802800
56.030308 -4.922747 -398.718689 -10.491602 0.048981 0.041318 -0.601558 0.796255
56.237769 -4.550353 -400.135132 -10.643094 0.050110 0.035202 -0.608371 0.791287
56.445263 -4.187572 -401.589203 -10.783881 0.055350 0.034976 -0.612587 0.787686
56.652788 -3.811766 -403.097351 -10.963131 0.065823 0.046526 -0.615371 0.784106
56.860336 -3.446435 -404.611816 -11.192775 0.071237 0.052231 -0.619254 0.780206
57.067910 -3.089903 -406.137238 -11.431576 0.070615 0.052067 -0.624026 0.776463
57.275435 -2.760240 -407.690735 -11.696801 0.075221 0.054519 -0.628557 0.772195
57.482914 -2.455066 -409.258972 -11.955663 0.080329 0.053824 -0.633178 0.767943
57.690438 -2.168542 -410.792389 -12.212702 0.080494 0.053042 -0.638222 0.763793
57.897967 -1.898263 -412.306213 -12.473805 0.079829 0.054475 -0.644399 0.758558
58.105611 -1.679498 -413.794922 -12.730590 0.080631 0.054107 -0.652233 0.751773
58.313257 -1.493507 -415.252319 -12.986759 0.082191 0.054518 -0.660330 0.744470
58.520856 -1.351451 -416.669006 -13.216193 0.081402 0.050918 -0.668907 0.737119
58.728570 -1.214844 -418.076324 -13.447427 0.072329 0.049200 -0.679961 0.728012
58.936359 -1.154998 -419.458435 -13.659737 0.069170 0.046570 -0.693775 0.715348
59.144129 -1.161277 -420.833832 -13.872923 0.067194 0.041319 -0.709025 0.700758
59.351846 -1.247346 -422.250458 -14.061682 0.066582 0.034242 -0.723743 0.685996
59.559397 -1.378235 -423.729584 -14.241817 0.069639 0.035778 -0.736039 0.672396
59.766804 -1.553716 -425.240540 -14.460821 0.076401 0.041781 -0.744520 0.661897
59.974184 -1.743214 -426.756958 -14.703882 0.077914 0.045914 -0.749966 0.655265
60.181632 -1.947694 -428.266235 -14.956259 0.079491 0.049609 -0.754624 0.649432
60.389160 -2.154918 -429.748474 -15.202657 0.069315 0.053885 -0.759371 0.644708
60.596660 -2.394407 -431.224457 -15.429115 0.055942 0.044966 -0.763600 0.641688
60.804092 -2.621991 -432.779205 -15.626878 0.056342 0.055123 -0.763701 0.640740
61.011449 -2.862899 -434.289642 -15.864314 0.048774 0.053112 -0.762719 0.642697
61.218831 -3.098043 -435.746948 -16.025319 0.031735 0.040799 -0.760800 0.646925
61.426283 -3.301835 -437.260132 -16.155128 0.034568 0.049027 -0.757789 0.649736
61.633769 -3.521001 -438.708221 -16.318221 0.036726 0.047603 -0.756437 0.651297
61.841219 -3.733459 -440.080048 -16.433572 0.033280 0.039848 -0.755108 0.653541
62.048742 -3.934823 -441.453186 -16.556764 0.033336 0.034756 -0.754788 0.654199
62.256288 -4.125477 -442.772949 -16.650867 0.029011 0.032554 -0.755716 0.653446
62.463961 -4.283679 -444.068451 -16.738740 0.023308 0.035105 -0.758594 0.650200
62.671869 -4.483620 -445.333344 -16.821342 0.020158 0.037237 -0.768368 0.638606
62.879780 -4.759270 -446.569672 -16.900016 0.021419 0.035303 -0.780157 0.624219
63.087571 -5.050852 -447.724091 -16.964874 0.022079 0.033254 -0.791282 0.610147
63.295359 -5.359799 -448.784790 -17.021676 0.021864 0.034768 -0.802082 0.595800
63.503173 -5.687624 -449.729828 -17.085408 0.021756 0.035428 -0.813169 0.580540
63.710841 -6.031044 -450.553467 -17.136232 0.018598 0.027548 -0.822993 0.567079
63.918417 -6.340556 -451.286926 -17.161466 0.013231 0.020050 -0.830994 0.555763
64.125918 -6.634367 -451.941986 -17.188907 0.008636 0.017782 -0.836810 0.547136
64.333347 -6.928721 -452.534332 -17.208820 0.011556 0.012761 -0.840871 0.540961
64.540727 -7.190146 -453.063629 -17.195686 0.014516 0.011915 -0.843877 0.536208
64.748036 -7.386341 -453.536652 -17.200628 0.012412 0.018206 -0.845972 0.532772
64.955346 -7.576710 -453.921906 -17.226253 0.012652 0.018301 -0.847503 0.530324
65.162703 -7.742248 -454.225067 -17.228473 0.013828 0.013770 -0.848339 0.529094
65.370012 -7.874537 -454.500641 -17.223468 0.011983 0.012683 -0.847747 0.530113
65.577394 -8.034717 -454.778229 -17.243884 0.017078 0.009055 -0.845832 0.533099
65.784823 -8.170676 -455.041290 -17.248082 0.019227 0.006339 -0.843352 0.536979
65.992253 -8.269838 -455.324463 -17.247220 0.016203 0.007744 -0.840988 0.540756
66.199634 -8.383336 -455.616638 -17.258689 0.014659 0.007928 -0.837809 0.545709
66.407015 -8.521052 -455.971527 -17.254569 0.013615 0.010836 -0.834127 0.551298
66.614375 -8.651308 -456.396027 -17.288711 0.011936 0.017293 -0.828799 0.559151
66.821756 -8.834470 -456.852203 -17.307082 0.016491 0.013568 -0.822982 0.567667
67.029115 -9.013107 -457.356110 -17.320564 0.019316 0.010404 -0.815140 0.578848
67.236400 -9.180551 -457.887939 -17.331472 0.020812 0.008626 -0.805136 0.592663
67.443682 -9.313065 -458.462158 -17.343955 0.021177 0.007730 -0.792132 0.609934
67.651032 -9.414178 -459.084106 -17.358140 0.017257 0.008449 -0.778178 0.627750
67.858372 -9.497960 -459.751953 -17.397533 0.013617 0.009280 -0.762204 0.647127
68.065731 -9.576417 -460.481598 -17.410756 0.016140 0.006928 -0.745496 0.666279
68.273041 -9.607040 -461.261444 -17.424533 0.016345 0.006764 -0.727504 0.685875
68.480376 -9.586687 -462.105011 -17.453828 0.016220 0.005896 -0.709416 0.704579
68.687756 -9.548071 -462.995514 -17.474595 0.016960 0.004776 -0.692585 0.721121
68.895281 -9.461674 -463.974182 -17.497314 0.017528 0.003893 -0.677984 0.734858
69.102783 -9.346355 -465.013428 -17.527061 0.018073 0.002476 -0.664258 0.747280
69.310260 -9.177412 -466.132263 -17.558362 0.020755 -0.000654 -0.650170 0.759505
69.517763 -8.950723 -467.300385 -17.573976 0.022319 -0.002902 -0.636122 0.771260
69.725263 -8.662253 -468.516479 -17.587011 0.021068 -0.003197 -0.624156 0.781009
69.932861 -8.332654 -469.791870 -17.610124 0.021194 -0.001916 -0.614524 0.788611
70.140506 -7.963179 -471.131104 -17.634143 0.022193 -0.000059 -0.608143 0.793517
70.348176 -7.567592 -472.510101 -17.662008 0.021903 0.000776 -0.604247 0.796496
70.555822 -7.139266 -473.967285 -17.697395 0.021211 0.001140 -0.601553 0.798550
70.763370 -6.701028 -475.462097 -17.733142 0.021851 -0.000456 -0.599223 0.800283
70.970873 -6.229402 -477.035217 -17.761817 0.021361 -0.001842 -0.596877 0.802046
71.178423 -5.739913 -478.641937 -17.791486 0.021998 -0.003900 -0.594802 0.803562
71.385897 -5.231246 -480.291473 -17.806915 0.023236 -0.005493 -0.592991 0.804855
71.593378 -4.707474 -481.970856 -17.821191 0.022061 -0.007826 -0.591854 0.805705
71.800927 -4.156768 -483.695923 -17.832298 0.020062 -0.007334 -0.591537 0.805995
72.008479 -3.586285 -485.481140 -17.850595 0.021670 -0.005605 -0.591227 0.806194
72.215964 -3.013547 -487.295074 -17.867795 0.023061 -0.007282 -0.590636 0.806576
72.423480 -2.421665 -489.165466 -17.882819 0.024502 -0.008498 -0.589991 0.806993
72.631007 -1.809024 -491.072815 -17.895881 0.025407 -0.008962 -0.589271 0.807486
72.838464 -1.168456 -493.026398 -17.911094 0.024770 -0.009217 -0.588561 0.808021
73.045887 -0.523562 -495.010132 -17.921903 0.024719 -0.008217 -0.588483 0.808090
73.253415 0.145677 -497.014862 -17.941264 0.021974 -0.006477 -0.589755 0.807257
73.461082 0.801628 -499.040283 -17.946145 0.017889 -0.005541 -0.594406 0.803947
73.668855 1.440270 -501.091278 -17.948346 0.012700 -0.003510 -0.603845 0.796993
73.876639 2.023716 -503.197968 -17.950624 0.011081 -0.000546 -0.616354 0.787391
74.084453 2.522968 -505.325012 -17.967693 0.010520 0.003003 -0.629984 0.776531
74.292197 2.933570 -507.463043 -17.976045 0.008176 0.002605 -0.644636 0.764442
74.499937 3.279758 -509.625366 -17.987006 0.007638 0.004347 -0.660791 0.750519
74.707679 3.494137 -511.810455 -17.994111 0.007223 0.004235 -0.678856 0.734224
74.915420 3.623055 -513.997925 -17.992122 0.002289 0.002602 -0.698344 0.715754
75.123183 3.631535 -516.180725 -17.989116 -0.002388 0.002693 -0.719490 0.694494
75.330878 3.506334 -518.404236 -17.973470 -0.005682 0.002420 -0.739771 0.672830
75.538426 3.206555 -520.608704 -17.931638 -0.007453 -0.001795 -0.757717 0.652538
75.745860 2.824275 -522.823608 -17.865905 -0.006882 -0.002727 -0.772805 0.634600
75.953217 2.339838 -525.008362 -17.810483 -0.009321 -0.003321 -0.786431 0.617599
76.160502 1.745250 -527.210571 -17.761565 -0.007499 -0.003158 -0.798550 0.601873
76.367692 1.091024 -529.426575 -17.700454 -0.004165 -0.008500 -0.805634 0.592338
76.574856 0.382257 -531.604309 -17.627612 -0.004752 -0.009631 -0.808804 0.587980
76.782094 -0.311579 -533.777649 -17.565633 -0.005838 -0.009890 -0.810864 0.585122
76.989426 -1.047716 -535.975098 -17.497836 -0.007203 -0.012631 -0.812919 0.582196
77.196831 -1.828340 -538.228943 -17.424766 -0.006086 -0.010699 -0.814522 0.580002
77.404140 -2.587577 -540.514771 -17.355871 -0.005362 -0.010044 -0.815494 0.578653
77.611452 -3.373832 -542.791321 -17.290263 -0.008035 -0.011685 -0.815552 0.578510
77.818881 -4.188369 -545.126282 -17.203914 -0.007840 -0.011931 -0.815404 0.578717
78.026287 -4.996879 -547.484497 -17.121038 -0.009639 -0.010468 -0.815553 0.578508
78.233668 -5.830504 -549.885132 -17.041181 -0.008956 -0.009754 -0.816862 0.576682
78.441050 -6.697001 -552.280823 -16.955962 -0.009193 -0.010108 -0.818162 0.574825
78.648477 -7.574264 -554.727539 -16.877038 -0.009029 -0.009443 -0.820020 0.572186
78.855883 -8.481212 -557.206970 -16.797305 -0.008464 -0.007984 -0.822141 0.569165
79.063292 -9.418063 -559.710999 -16.724258 -0.008661 -0.007981 -0.824051 0.566393
79.270693 -10.377242 -562.222961 -16.645107 -0.008751 -0.007920 -0.825614 0.564112
79.478148 -11.371034 -564.777588 -16.559896 -0.009242 -0.008119 -0.827251 0.561698
79.685672 -12.394162 -567.349792 -16.482585 -0.009116 -0.007743 -0.829052 0.559044
79.893102 -13.444120 -569.942627 -16.396581 -0.009230 -0.007197 -0.831327 0.555660
80.100512 -14.523444 -572.566406 -16.315570 -0.009063 -0.007853 -0.833076 0.553028
80.307913 -15.631844 -575.219116 -16.226926 -0.009164 -0.008089 -0.834307 0.551164
80.515273 -16.761070 -577.882141 -16.140218 -0.008879 -0.008376 -0.835158 0.549874
80.722630 -17.922352 -580.572937 -16.047740 -0.008654 -0.009068 -0.835809 0.548878
80.929940 -19.101379 -583.300842 -15.960241 -0.008017 -0.009229 -0.836339 0.548076
81.137344 -20.278559 -586.043396 -15.875938 -0.007690 -0.007596 -0.837028 0.547053
81.344725 -21.487831 -588.821655 -15.799072 -0.006392 -0.007721 -0.837531 0.546298
81.552131 -22.695950 -591.590149 -15.708944 -0.006871 -0.008521 -0.837631 0.546128
81.759512 -23.911257 -594.370544 -15.624988 -0.006573 -0.008276 -0.837714 0.546008
81.966870 -25.123419 -597.156555 -15.531291 -0.007443 -0.009265 -0.837505 0.546300
82.174301 -26.339357 -599.946289 -15.433439 -0.006902 -0.010842 -0.836896 0.547211
82.381707 -27.550459 -602.739929 -15.338151 -0.004639 -0.011380 -0.835849 0.548821
82.589161 -28.749372 -605.534241 -15.247564 -0.003972 -0.011359 -0.835329 0.549618
82.796589 -29.927544 -608.321228 -15.158496 -0.004031 -0.011474 -0.834940 0.550206
83.003921 -31.101536 -611.094482 -15.061634 -0.004395 -0.010612 -0.834519 0.550860
83.211255 -32.277798 -613.888184 -14.980800 -0.004210 -0.009479 -0.834382 0.551089
83.418661 -33.469219 -616.671631 -14.905134 -0.000841 -0.012523 -0.834095 0.551479
83.626019 -34.634533 -619.437500 -14.811632 -0.001318 -0.014978 -0.833614 0.552142
83.833376 -35.796471 -622.237610 -14.722705 -0.002637 -0.011947 -0.833336 0.552631
84.040782 -36.944725 -625.007568 -14.642736 -0.003217 -0.010733 -0.832707 0.553600
84.248188 -38.095154 -627.801331 -14.560766 -0.004006 -0.009411 -0.832291 0.554244
84.455523 -39.241173 -630.568787 -14.481719 -0.003424 -0.009580 -0.832297 0.554237
84.662862 -40.391090 -633.343750 -14.407721 -0.002564 -0.010784 -0.832206 0.554356
84.870163 -41.529240 -636.095276 -14.324892 -0.001727 -0.011863 -0.831393 0.555556
85.077500 -42.637161 -638.827148 -14.227837 -0.004404 -0.009865 -0.830738 0.556559
85.284881 -43.728302 -641.543579 -14.143051 -0.004016 -0.007641 -0.830122 0.557515
85.492236 -44.812366 -644.226135 -14.063277 -0.001676 -0.007884 -0.830011 0.557688
85.699643 -45.884125 -646.858093 -13.987881 -0.001809 -0.008014 -0.830212 0.557387
85.907003 -46.931667 -649.470032 -13.914166 -0.001796 -0.006964 -0.830691 0.556687
86.114358 -47.962242 -652.011597 -13.839470 -0.001765 -0.005948 -0.831032 0.556190
86.321718 -48.962337 -654.462830 -13.774554 0.000225 -0.003276 -0.831527 0.555474
86.529144 -49.927597 -656.802856 -13.711479 -0.000615 -0.006183 -0.831826 0.555002
86.736531 -50.856281 -659.050232 -13.641741 -0.000198 -0.005644 -0.831840 0.554987
86.943890 -51.725861 -661.180908 -13.575301 0.001038 -0.005088 -0.831045 0.556181
87.151194 -52.538296 -663.193176 -13.529084 0.002471 -0.003799 -0.829838 0.557986
87.358627 -53.277725 -665.059082 -13.483615 0.004642 -0.001894 -0.828859 0.559434
87.566042 -53.957310 -666.760315 -13.444886 0.004022 -0.003315 -0.828524 0.559929
87.773483 -54.569668 -668.323669 -13.400006 0.003292 -0.002602 -0.828439 0.560063
87.981104 -55.106426 -669.710571 -13.363421 0.001139 0.000534 -0.831701 0.555223
88.189098 -55.621292 -670.927429 -13.337956 -0.001491 0.003915 -0.842629 0.538478
88.397282 -56.184448 -672.014160 -13.317564 -0.003821 0.004188 -0.858878 0.512149
88.605674 -56.801937 -673.002380 -13.290947 0.004425 -0.003764 0.879514 -0.475839
88.814181 -57.488400 -673.921143 -13.267827 0.004178 -0.005839 0.902742 -0.430123
89.022691 -58.252502 -674.705078 -13.258776 0.004497 -0.007362 0.925979 -0.377477
89.231175 -59.081902 -675.363342 -13.228565 0.007526 -0.008265 0.948094 -0.317794
89.439493 -59.980480 -675.878845 -13.231611 0.011941 -0.006235 0.966684 -0.255617
89.647643 -60.928116 -676.256470 -13.170103 0.011677 -0.004124 0.981144 -0.192883
89.855628 -61.909317 -676.533081 -13.154117 0.012474 -0.005474 0.991481 -0.129538
90.063536 -62.912842 -676.654175 -13.115318 0.014980 -0.001472 0.997713 -0.065889
90.271374 -63.941448 -676.660278 -13.071738 0.022527 -0.002421 0.999743 -0.000679
90.479114 -64.988060 -676.532959 -13.020838 0.025176 -0.004386 0.997629 0.063902
90.686834 -66.041245 -676.271545 -12.962372 0.026881 -0.004687 0.991197 0.129557
90.894479 -67.104332 -675.847473 -12.896224 0.033291 -0.006344 0.980138 0.195399
91.101954 -68.140427 -675.271790 -12.818596 0.039113 -0.007865 0.965009 0.259164
91.309263 -69.140938 -674.533569 -12.714320 0.041618 -0.007111 0.947729 0.316270
91.516454 -70.102425 -673.648438 -12.600972 0.045071 -0.006322 0.930448 0.363586
91.723524 -71.033279 -672.637146 -12.487179 0.048824 -0.006284 0.915263 0.399837
91.930521 -71.946449 -671.541748 -12.337173 0.045712 -0.006181 0.903892 0.425266
92.137566 -72.870842 -670.380493 -12.197288 0.041215 -0.008935 0.894624 0.444825
92.344782 -73.772064 -669.141541 -12.059572 0.036840 -0.011287 0.885867 0.462336
92.552160 -74.673126 -667.852905 -11.928378 0.029684 -0.017627 0.875849 0.481349
92.759641 -75.515121 -666.493347 -11.803838 0.021557 -0.020661 0.864377 0.501957
92.967141 -76.302742 -665.079834 -11.705015 0.014233 -0.025076 0.851279 0.523920
93.174618 -76.991295 -663.610291 -11.614438 0.012091 -0.024941 0.836863 0.546711
93.382048 -77.591217 -662.087402 -11.523033 0.008571 -0.021713 0.822515 0.568264
93.589381 -78.113022 -660.495422 -11.436699 0.006809 -0.017780 0.811654 0.583828
93.796592 -78.641182 -658.849243 -11.367549 0.001846 -0.016350 0.806510 0.590991
94.003809 -79.176620 -657.189636 -11.319070 -0.004270 -0.017348 0.804947 0.593078
94.211093 -79.727173 -655.500854 -11.277281 -0.001691 -0.020571 0.806232 0.591239
94.418403 -80.295837 -653.791809 -11.214218 0.001576 -0.026786 0.808599 0.587748
94.625759 -80.903587 -652.028015 -11.133622 0.000333 -0.027762 0.811649 0.583486
94.833215 -81.549103 -650.240417 -11.057570 0.002754 -0.028957 0.813409 0.580964
95.040717 -82.202469 -648.390991 -10.950649 0.001518 -0.035587 0.813426 0.580577
95.248196 -82.871063 -646.503052 -10.856448 -0.000247 -0.035262 0.814223 0.579480
95.455577 -83.544952 -644.595276 -10.760932 -0.002008 -0.032148 0.815598 0.577722
95.662956 -84.234528 -642.687317 -10.659498 -0.001447 -0.030615 0.817736 0.574777
95.870337 -84.918686 -640.807007 -10.575287 -0.000794 -0.027765 0.820171 0.571445
96.077766 -85.632675 -638.942383 -10.484600 0.001093 -0.026505 0.822851 0.567637
96.285221 -86.361954 -637.094727 -10.392606 -0.000558 -0.027469 0.824210 0.565617
96.492699 -87.086998 -635.256897 -10.304220 -0.000732 -0.027657 0.825087 0.564328
96.700200 -87.826294 -633.434875 -10.211276 -0.001479 -0.028618 0.825323 0.563933
96.907678 -88.541138 -631.651184 -10.125458 -0.003107 -0.027522 0.825290 0.564029
97.115130 -89.238937 -629.900085 -10.049417 -0.001479 -0.027579 0.825794 0.563295
97.322512 -89.923119 -628.184265 -9.959196 -0.001511 -0.027045 0.826856 0.561760
97.529920 -90.620430 -626.507141 -9.883433 -0.001742 -0.027798 0.828347 0.559523
97.737419 -91.296066 -624.872681 -9.797144 -0.003118 -0.025939 0.829935 0.557248
97.944944 -91.969627 -623.309753 -9.731826 -0.002199 -0.027596 0.831395 0.554992
98.152497 -92.609955 -621.812927 -9.646452 -0.003238 -0.027736 0.832038 0.554015
98.360026 -93.229645 -620.405518 -9.588049 -0.004451 -0.030301 0.832570 0.553073
98.567499 -93.795433 -619.078491 -9.530008 -0.005550 -0.027652 0.833577 0.551682
98.774949 -94.335815 -617.858398 -9.466193 -0.007892 -0.026917 0.834739 0.549931
98.982358 -94.823959 -616.751648 -9.413163 -0.008678 -0.027251 0.835807 0.548278
99.189785 -95.264488 -615.763000 -9.370488 -0.006637 -0.026483 0.836600 0.547133
99.397215 -95.650940 -614.888672 -9.330486 -0.004864 -0.025429 0.837127 0.546396
99.604644 -96.003853 -614.145386 -9.302499 -0.006361 -0.028287 0.836992 0.546447
99.812046 -96.286201 -613.487122 -9.264657 -0.005198 -0.025130 0.837798 0.545377
100.019432 -96.543060 -612.930847 -9.237071 -0.004803 -0.026132 0.837970 0.545070
100.226793 -96.751541 -612.464417 -9.219646 -0.004686 -0.025336 0.838374 0.544487
100.434174 -96.942688 -612.054749 -9.195798 -0.003588 -0.025353 0.838598 0.544149
100.641552 -97.111855 -611.682434 -9.186660 -0.001497 -0.026014 0.838694 0.543979
100.848934 -97.280037 -611.294373 -9.167118 -0.001124 -0.025390 0.838764 0.543902
101.056318 -97.455772 -610.911865 -9.150173 -0.001071 -0.025724 0.838577 0.544174
101.263696 -97.626923 -610.549683 -9.142909 -0.001424 -0.027054 0.838701 0.543918
101.471054 -97.788239 -610.177917 -9.118418 -0.001365 -0.025983 0.838677 0.544007
101.678413 -97.953133 -609.811707 -9.099669 -0.001158 -0.025130 0.838804 0.543851
101.885842 -98.118767 -609.480835 -9.088182 -0.001537 -0.025970 0.838841 0.543755
102.093344 -98.258507 -609.148926 -9.074844 -0.001134 -0.024748 0.838818 0.543848
102.300797 -98.398071 -608.858337 -9.060012 -0.001739 -0.024915 0.838794 0.543875
102.508228 -98.522964 -608.597778 -9.050847 -0.001241 -0.025981 0.838799 0.543820
102.715658 -98.625992 -608.335205 -9.041401 0.000122 -0.024411 0.838715 0.544023
102.923065 -98.745979 -608.077637 -9.026103 -0.001234 -0.024467 0.838704 0.544036
103.130493 -98.872742 -607.827454 -9.017622 -0.003343 -0.025966 0.838698 0.543968
103.337874 -98.977806 -607.590637 -9.006922 -0.002069 -0.026447 0.838706 0.543938
103.545257 -99.090500 -607.348755 -8.997690 -0.001507 -0.026186 0.838831 0.543759
103.752684 -99.204521 -607.090393 -8.983949 -0.000766 -0.027026 0.838946 0.543543
103.960117 -99.347595 -606.776245 -8.975210 0.002050 -0.028001 0.839503 0.542629
104.167402 -99.544029 -606.378967 -8.956951 0.004285 -0.029540 0.840867 0.540417
104.374638 -99.786629 -605.879517 -8.936968 0.005456 -0.030194 0.843427 0.536367
104.582042 -100.080063 -605.290466 -8.912560 0.007902 -0.029909 0.846824 0.530972
104.789402 -100.436066 -604.612671 -8.877754 0.008211 -0.030174 0.851624 0.523219
104.996807 -100.840019 -603.852844 -8.836995 0.008742 -0.027689 0.856890 0.514681
105.204142 -101.321503 -603.026611 -8.793214 0.007807 -0.027100 0.862310 0.505594
105.411522 -101.851845 -602.133667 -8.759980 0.006961 -0.025881 0.867384 0.496918
105.618953 -102.440331 -601.165466 -8.704741 0.004985 -0.022655 0.871925 0.489090
105.826500 -103.095436 -600.158936 -8.663811 0.000084 -0.023285 0.875068 0.483439
106.034143 -103.796448 -599.096497 -8.627501 -0.002924 -0.026239 0.876895 0.479957
106.241717 -104.549744 -597.970154 -8.596863 -0.005056 -0.027339 0.877882 0.478069
106.449244 -105.335518 -596.773010 -8.560722 -0.004697 -0.026431 0.878641 0.476727
106.656745 -106.176216 -595.537476 -8.526162 -0.002276 -0.033376 0.879528 0.474670
106.864224 -107.042694 -594.222351 -8.482247 0.001218 -0.033349 0.880275 0.473289
107.071703 -107.982239 -592.853821 -8.414731 -0.002370 -0.034206 0.880718 0.472399
107.279133 -108.946632 -591.430420 -8.368356 -0.002849 -0.032782 0.881762 0.470545
107.486536 -109.954521 -589.948853 -8.315961 -0.003738 -0.031131 0.883419 0.467534
107.693894 -111.008690 -588.440735 -8.264591 -0.004241 -0.029523 0.885851 0.463010
107.901298 -112.068779 -586.932129 -8.214272 -0.004071 -0.027360 0.888418 0.458202
108.108777 -113.133308 -585.450623 -8.149010 -0.001981 -0.027230 0.890015 0.455113
108.316254 -114.218811 -583.988586 -8.085010 -0.001712 -0.030055 0.890207 0.454560
108.523778 -115.311455 -582.509033 -8.011402 -0.002540 -0.033760 0.889550 0.455581
108.731283 -116.385323 -581.012390 -7.956391 -0.002739 -0.032335 0.888692 0.457355
108.938856 -117.464630 -579.521057 -7.875384 -0.001914 -0.032179 0.887547 0.459588
109.146359 -118.544556 -578.007141 -7.815431 -0.000521 -0.031522 0.886453 0.461743
109.353836 -119.626801 -576.470215 -7.740075 -0.000994 -0.032482 0.885119 0.464229
109.561243 -120.707802 -574.916077 -7.664450 0.000543 -0.032249 0.883911 0.466542
109.768693 -121.786194 -573.348694 -7.582785 0.001056 -0.032416 0.883081 0.468099
109.976077 -122.881676 -571.755066 -7.501065 0.000154 -0.032615 0.882878 0.468468
110.183505 -123.980148 -570.163879 -7.420004 0.000453 -0.033223 0.883068 0.468066
110.390912 -125.090065 -568.557617 -7.339548 0.000788 -0.033311 0.883716 0.466836
110.598270 -126.201820 -566.957031 -7.248972 0.001510 -0.033956 0.884423 0.465446
110.805605 -127.320305 -565.358948 -7.157881 0.002723 -0.035441 0.885344 0.463575
111.012911 -128.449081 -563.764526 -7.067227 0.000009 -0.033788 0.886527 0.461442
111.220267 -129.581467 -562.188782 -6.978282 -0.000031 -0.032049 0.887531 0.459631
111.427626 -130.701614 -560.633484 -6.887600 0.000852 -0.032211 0.888539 0.457667
111.634981 -131.828598 -559.096985 -6.799448 0.002627 -0.032051 0.889540 0.455725
111.842341 -132.950653 -557.578308 -6.708177 0.002652 -0.033009 0.890460 0.453855
112.049743 -134.081650 -556.064819 -6.632092 -0.001395 -0.032581 0.890863 0.453099
112.257151 -135.182831 -554.593750 -6.548144 -0.001348 -0.035859 0.890561 0.453447
112.464583 -136.266724 -553.118591 -6.468241 0.001330 -0.034575 0.889605 0.455418
112.671967 -137.314148 -551.635681 -6.383866 0.003034 -0.031594 0.888653 0.457481
112.879346 -138.349380 -550.188416 -6.296096 0.003934 -0.029521 0.887732 0.459397
113.086751 -139.347702 -548.793579 -6.201956 0.005850 -0.032281 0.886576 0.461418
113.294129 -140.304398 -547.474304 -6.094036 0.011236 -0.037905 0.885465 0.463022
113.501489 -141.201080 -546.199219 -5.989340 0.009805 -0.038753 0.884704 0.464436
113.708919 -142.030502 -545.002686 -5.887642 0.009823 -0.035902 0.884418 0.465209
113.916398 -142.787659 -543.890808 -5.788591 0.014214 -0.034733 0.884308 0.465393
114.123874 -143.488937 -542.894104 -5.692705 0.015236 -0.034850 0.884278 0.465410
114.331301 -144.134384 -541.959045 -5.606856 0.014120 -0.034467 0.884468 0.465112
114.538727 -144.735489 -541.098755 -5.520388 0.016285 -0.037263 0.884228 0.465281
114.746184 -145.342834 -540.274292 -5.446661 0.015426 -0.039983 0.883994 0.465530
114.953685 -145.889145 -539.479065 -5.366327 0.013453 -0.039291 0.883853 0.465917
115.161167 -146.432602 -538.724792 -5.293227 0.012271 -0.041319 0.883428 0.466580
115.368646 -146.922745 -538.008545 -5.228436 0.013049 -0.039965 0.883176 0.467154
115.576048 -147.397156 -537.312805 -5.162412 0.014301 -0.037720 0.883144 0.467365
115.783433 -147.836777 -536.667480 -5.101233 0.015036 -0.037332 0.883087 0.467479
115.990862 -148.260284 -536.044800 -5.040812 0.015785 -0.037046 0.883339 0.467001
116.198266 -148.652451 -535.480408 -4.984066 0.017856 -0.038062 0.883621 0.466311
116.405673 -149.011826 -534.936646 -4.928207 0.021382 -0.036919 0.884300 0.464965
116.613080 -149.367477 -534.448303 -4.879540 0.021958 -0.037149 0.885854 0.461954
116.820485 -149.699860 -534.007141 -4.835776 0.021690 -0.039408 0.886885 0.459796
117.027938 -149.980942 -533.630005 -4.794564 0.021465 -0.039594 0.888179 0.457284
117.235391 -150.235107 -533.285034 -4.754233 0.021710 -0.039129 0.889148 0.455426
117.442845 -150.428711 -533.001648 -4.715085 0.022768 -0.039392 0.889661 0.454349
117.650321 -150.632324 -532.737000 -4.685489 0.024368 -0.040706 0.889297 0.454863
117.857754 -150.805649 -532.494202 -4.661184 0.025271 -0.040736 0.888988 0.455414
118.065134 -150.949280 -532.296753 -4.641386 0.025758 -0.041283 0.889341 0.454647
118.272546 -151.074997 -532.125183 -4.619626 0.026007 -0.041316 0.889510 0.454300
118.479920 -151.199921 -531.966797 -4.599201 0.026459 -0.042798 0.889627 0.453907
118.687299 -151.309601 -531.819519 -4.585202 0.026675 -0.042496 0.889857 0.453472
118.894728 -151.395370 -531.707031 -4.568849 0.026803 -0.042610 0.890038 0.453098
119.102162 -151.466354 -531.602905 -4.558017 0.027225 -0.043088 0.890165 0.452779
119.309588 -151.536545 -531.508118 -4.547520 0.027630 -0.043057 0.890332 0.452429
119.516992 -151.595245 -531.426025 -4.535086 0.028070 -0.043147 0.890422 0.452216
119.724426 -151.645355 -531.366455 -4.528049 0.028291 -0.043303 0.890506 0.452022
119.931852 -151.683136 -531.308655 -4.521436 0.028514 -0.043389 0.890561 0.451891
120.139255 -151.723404 -531.253906 -4.517464 0.028743 -0.043544 0.890532 0.451918
120.346591 -151.747543 -531.220032 -4.511783 0.028795 -0.043654 0.890554 0.451862
120.553948 -151.757416 -531.209778 -4.510373 0.029097 -0.043873 0.890632 0.451668
120.761306 -151.771317 -531.193420 -4.507645 0.029699 -0.044259 0.890636 0.451583
120.968667 -151.795227 -531.159119 -4.507026 0.029973 -0.044600 0.890637 0.451528
121.176022 -151.825226 -531.121521 -4.502249 0.029818 -0.044528 0.890698 0.451427
121.383406 -151.867279 -531.069946 -4.492532 0.029638 -0.044431 0.890759 0.451326
121.590831 -151.912430 -531.009521 -4.484897 0.029597 -0.044397 0.890769 0.451314
121.798238 -151.974472 -530.926575 -4.473576 0.029290 -0.044380 0.890684 0.451503
122.005668 -152.044754 -530.833557 -4.463043 0.029143 -0.044567 0.890726 0.451411
122.213123 -152.123260 -530.725952 -4.451738 0.029226 -0.044446 0.890861 0.451151
122.420551 -152.214325 -530.596008 -4.436706 0.029280 -0.044218 0.890831 0.451229
122.627955 -152.319611 -530.460815 -4.421854 0.029344 -0.044342 0.890923 0.451030
122.835314 -152.442078 -530.301819 -4.396785 0.029446 -0.044181 0.890893 0.451100
123.042648 -152.577560 -530.128906 -4.375189 0.028920 -0.044392 0.890943 0.451013
123.249979 -152.700348 -529.951843 -4.353977 0.029567 -0.044163 0.890902 0.451076
123.457337 -152.843124 -529.761719 -4.330999 0.029669 -0.043808 0.890892 0.451122
123.664768 -152.967270 -529.575012 -4.310004 0.030256 -0.041551 0.890994 0.451097
123.872173 -153.099304 -529.406067 -4.278825 0.029840 -0.041215 0.890978 0.451187
124.079580 -153.218063 -529.244202 -4.259143 0.029818 -0.041440 0.890938 0.451247
124.286983 -153.322205 -529.101379 -4.240283 0.029278 -0.041147 0.891247 0.450697
124.494391 -153.408493 -528.985413 -4.225652 0.028346 -0.041053 0.891515 0.450235
124.701774 -153.474197 -528.902832 -4.217382 0.028306 -0.040859 0.891536 0.450214
124.909132 -153.508621 -528.855835 -4.211225 0.028325 -0.041058 0.891642 0.449986
125.116488 -153.518799 -528.842285 -4.211775 0.028507 -0.040736 0.891705 0.449879
125.323847 -153.504395 -528.855347 -4.212619 0.029148 -0.041113 0.891656 0.449899
125.531228 -153.500290 -528.859619 -4.213058 0.029620 -0.041558 0.891637 0.449866
125.738683 -153.497437 -528.861389 -4.215394 0.029532 -0.041202 0.891692 0.449794
125.946038 -153.499664 -528.862549 -4.214231 0.029426 -0.041183 0.891672 0.449843
126.153373 -153.500778 -528.859680 -4.213898 0.029384 -0.041222 0.891655 0.449875
126.360731 -153.501389 -528.859558 -4.214727 0.029458 -0.041288 0.891645 0.449884
126.568114 -153.499054 -528.861633 -4.215239 0.029325 -0.041250 0.891686 0.449817
