0.000000 -0.419048 -0.801137 0.760403 0.017486 0.016555 -0.748740 0.662426
0.103791 -0.474170 -1.289760 0.725115 0.017436 0.014543 -0.758355 0.651446
0.207606 -0.610306 -2.117951 0.717386 0.015992 0.014280 -0.772519 0.634629
0.311395 -0.831869 -3.096008 0.678172 0.014253 0.014369 -0.787347 0.616178
0.415183 -1.096288 -4.069973 0.643383 0.014569 0.013808 -0.801501 0.597657
0.518970 -1.423215 -5.006523 0.614223 0.014075 0.013277 -0.815264 0.578766
0.622735 -1.772912 -5.949694 0.569633 0.013697 0.011079 -0.828393 0.559870
0.726500 -2.167388 -6.856627 0.584569 0.013383 0.010127 -0.840673 0.541283
0.934029 -3.053389 -8.574326 0.530806 0.012989 0.010238 -0.864594 0.502199
1.037796 -3.555410 -9.408013 0.525158 -0.012976 -0.010986 0.876097 -0.481835
1.141559 -4.096769 -10.216299 0.493479 -0.012756 -0.011204 0.887262 -0.460954
1.245324 -4.676625 -10.989972 0.468623 -0.012618 -0.011142 0.897845 -0.439990
1.452784 -5.933086 -12.442927 0.432484 -0.012005 -0.010008 0.917388 -0.397688
1.556501 -6.610064 -13.136930 0.411187 -0.012491 -0.008592 0.926251 -0.376602
1.660217 -7.326830 -13.775855 0.414657 -0.012085 -0.009051 0.934741 -0.355010
1.867701 -8.798916 -14.969726 0.366581 -0.010694 -0.006880 0.950448 -0.310624
1.971419 -9.587056 -15.504848 0.367076 -0.009954 -0.006989 0.957357 -0.288651
2.075111 -10.397599 -16.004169 0.360587 -0.008911 -0.005799 0.963805 -0.266395
2.282425 -12.073583 -16.894115 0.336879 -0.006684 -0.003103 0.974939 -0.222350
2.386070 -12.962951 -17.275223 0.314045 -0.007000 -0.001381 0.979548 -0.201083
2.593383 -14.782845 -17.966503 0.329085 -0.006106 0.000663 0.986775 -0.161982
2.697049 -15.717340 -18.264385 0.320014 -0.006337 0.000586 0.989524 -0.144230
2.800766 -16.667881 -18.520226 0.303940 -0.007028 0.001240 0.991892 -0.126880
3.008132 -18.617249 -18.959484 0.330773 -0.006334 0.000094 0.995619 -0.093283
3.111805 -19.610434 -19.123657 0.297037 -0.005450 -0.000167 0.996998 -0.077236
3.215498 -20.611795 -19.254566 0.282329 -0.005369 0.000382 0.998084 -0.061635
3.422929 -22.663132 -19.451008 0.287159 -0.006142 0.000263 0.999503 -0.030912
3.526624 -23.728849 -19.499588 0.266138 -0.006187 0.000437 0.999852 -0.016016
3.630292 -24.805513 -19.510246 0.245730 -0.006060 0.001632 0.999977 -0.002369
3.837632 -26.986034 -19.455925 0.221682 -0.005629 0.005807 0.999731 0.021756
3.941305 -28.111530 -19.391678 0.217455 -0.005834 0.008513 0.999436 0.031951
4.044973 -29.230833 -19.301003 0.210843 -0.006253 0.010670 0.999089 0.040848
4.252308 -31.488470 -19.080860 0.200405 -0.006997 0.013326 0.998308 0.056164
4.355978 -32.639782 -18.958282 0.195103 -0.007712 0.013503 0.997897 0.062924
4.459624 -33.788696 -18.811501 0.189374 -0.007763 0.013632 0.997492 0.069021
4.563269 -34.940857 -18.640926 0.172232 -0.006555 0.013812 0.997100 0.074547
4.770604 -37.315357 -18.260426 0.144033 -0.003853 0.014171 0.996324 0.084393
4.874273 -38.521572 -18.051651 0.136484 -0.003385 0.013958 0.996003 0.088153
4.977943 -39.768253 -17.826427 0.121238 -0.003061 0.013905 0.995738 0.091122
5.081589 -41.048603 -17.591206 0.108552 -0.002370 0.014167 0.995496 0.093706
5.185257 -42.326324 -17.339729 0.103600 -0.001670 0.013883 0.995298 0.095842
5.392594 -44.937908 -16.837830 0.091115 -0.001929 0.013660 0.994960 0.099315
5.496265 -46.293430 -16.564217 0.077201 -0.002951 0.013835 0.994850 0.100366
5.599909 -47.651958 -16.284519 0.064237 -0.003315 0.014288 0.994742 0.101359
5.703601 -49.021004 -15.990223 0.051130 -0.003346 0.015110 0.994633 0.102297
5.807295 -50.428455 -15.709346 0.030348 -0.003168 0.015491 0.994594 0.102626
5.910965 -51.862942 -15.403184 0.024544 -0.002812 0.016061 0.994560 0.102878
6.118279 -54.765862 -14.809193 0.008708 -0.002025 0.015935 0.994616 0.102377
6.221926 -56.253075 -14.503078 -0.006542 -0.002184 0.015661 0.994688 0.101717
6.325594 -57.764164 -14.194139 -0.019403 -0.002560 0.015687 0.994771 0.100884
6.429262 -59.304722 -13.889775 -0.029735 -0.002314 0.016144 0.994838 0.100159
6.532953 -60.861237 -13.580713 -0.045144 -0.001971 0.016120 0.994888 0.099671
6.636645 -62.435490 -13.259953 -0.054694 -0.001673 0.016393 0.994940 0.099108
6.844035 -65.647881 -12.616240 -0.072263 -0.002721 0.016479 0.995036 0.098101
6.947727 -67.269562 -12.302276 -0.091465 -0.003487 0.017754 0.995059 0.097625
7.051420 -68.916336 -11.975002 -0.103882 -0.003012 0.019270 0.995058 0.097363
7.155089 -70.549263 -11.649243 -0.109033 -0.002496 0.019379 0.995109 0.096831
7.258782 -72.222702 -11.334467 -0.119692 -0.002610 0.019255 0.995143 0.096507
7.362476 -73.921623 -11.003395 -0.120544 -0.003027 0.019119 0.995169 0.096245
7.466144 -75.626968 -10.674488 -0.143401 -0.003292 0.019274 0.995165 0.096247
7.569808 -77.347794 -10.331139 -0.154823 -0.003356 0.019923 0.995179 0.095971
7.673480 -79.069931 -9.997617 -0.173075 -0.003318 0.020450 0.995189 0.095762
7.777154 -80.810013 -9.663865 -0.182349 -0.003021 0.020907 0.995183 0.095728
7.880846 -82.570976 -9.329837 -0.195080 -0.002603 0.020606 0.995171 0.095933
7.984564 -84.347290 -8.987845 -0.206537 -0.002405 0.020215 0.995130 0.096450
8.088256 -86.116104 -8.654600 -0.208512 -0.002323 0.019735 0.995109 0.096758
8.191949 -87.911606 -8.318955 -0.223245 -0.002562 0.019237 0.995050 0.097459
8.295659 -89.749794 -7.966151 -0.229267 -0.002973 0.018870 0.995033 0.097696
8.399351 -91.575081 -7.615944 -0.244761 -0.003300 0.017994 0.995013 0.098057
8.503050 -93.425346 -7.254902 -0.256460 -0.002915 0.018079 0.994964 0.098548
8.606769 -95.288284 -6.878409 -0.272096 -0.002551 0.017480 0.994885 0.099453
8.814181 -99.027779 -6.130522 -0.290006 -0.002642 0.016735 0.994485 0.103499
8.917874 -100.921394 -5.736471 -0.306958 -0.002970 0.016004 0.994246 0.105872
9.021542 -102.813393 -5.338090 -0.312231 -0.002655 0.015617 0.994010 0.108133
9.125187 -104.718147 -4.924286 -0.321103 -0.002089 0.015484 0.993764 0.110399
9.228856 -106.630440 -4.496653 -0.321302 -0.001331 0.015311 0.993504 0.112752
9.332522 -108.570984 -4.062974 -0.324217 -0.001141 0.014472 0.993266 0.114947
9.436192 -110.513115 -3.623075 -0.321427 -0.001453 0.013775 0.992987 0.117410
9.539858 -112.461044 -3.170661 -0.325558 -0.001693 0.012782 0.992691 0.119994
9.643524 -114.400955 -2.696957 -0.331155 -0.002080 0.012528 0.992362 0.122701
9.747172 -116.354584 -2.217975 -0.342304 -0.002165 0.012611 0.992027 0.125374
9.954492 -120.265442 -1.217183 -0.345812 -0.001287 0.012636 0.991293 0.131063
10.058185 -122.240150 -0.691491 -0.339376 -0.001410 0.012922 0.990900 0.133971
10.161878 -124.220482 -0.161580 -0.343371 -0.001479 0.012834 0.990533 0.136668
10.265547 -126.204178 0.389395 -0.343934 -0.001144 0.012425 0.990181 0.139235
10.369241 -128.204758 0.950869 -0.344926 -0.001141 0.011866 0.989851 0.141611
10.472911 -130.193649 1.536802 -0.351828 -0.001488 0.012530 0.989520 0.143845
10.576532 -132.201065 2.129796 -0.358559 -0.001783 0.013640 0.989249 0.145593
10.680174 -134.204987 2.729775 -0.362372 -0.001570 0.014347 0.988970 0.147413
10.783865 -136.211121 3.339570 -0.366469 -0.001474 0.014512 0.988753 0.148844
10.887582 -138.215744 3.947003 -0.372458 -0.001618 0.014206 0.988486 0.150634
10.991301 -140.257721 4.570786 -0.375291 -0.001432 0.013607 0.988252 0.152216
11.095011 -142.275925 5.203638 -0.376994 -0.001245 0.012797 0.987894 0.154595
11.198727 -144.314011 5.848632 -0.388107 -0.001266 0.012608 0.987565 0.156701
11.302431 -146.350647 6.502741 -0.387469 -0.001164 0.012758 0.987217 0.158863
11.406101 -148.394836 7.168032 -0.393244 -0.000955 0.012369 0.986840 0.161222
11.509768 -150.457748 7.853404 -0.392331 -0.001070 0.012042 0.986465 0.163524
11.613438 -152.510132 8.541276 -0.394047 -0.001439 0.012044 0.986125 0.165560
11.717133 -154.569550 9.239047 -0.399568 -0.001517 0.012460 0.985795 0.167482
11.820824 -156.646530 9.965591 -0.400967 -0.001381 0.012833 0.985440 0.169533
11.924493 -158.716293 10.693682 -0.403110 -0.000973 0.012889 0.985136 0.171289
12.028163 -160.813812 11.428490 -0.399244 -0.000103 0.012996 0.984838 0.172988
12.235504 -164.988083 12.925903 -0.391052 0.000451 0.012981 0.984259 0.176256
12.339177 -167.085999 13.692266 -0.393875 0.000306 0.012742 0.983967 0.177896
12.442841 -169.198624 14.468605 -0.386466 0.000365 0.012964 0.983611 0.179839
12.546484 -171.305481 15.259294 -0.387477 0.000281 0.013436 0.983280 0.181604
12.650129 -173.429916 16.053963 -0.387400 0.000208 0.014723 0.982949 0.183287
12.753774 -175.554840 16.865345 -0.384118 -0.000074 0.015260 0.982656 0.184809
12.857418 -177.685043 17.687515 -0.378668 -0.000401 0.015303 0.982395 0.186188
12.961062 -179.813065 18.516830 -0.380229 -0.000235 0.014801 0.982128 0.187630
13.064692 -181.946716 19.356987 -0.384449 0.000743 0.014504 0.981857 0.189064
13.168361 -184.088531 20.192963 -0.374444 0.001401 0.013894 0.981565 0.190617
13.272043 -186.240097 21.059772 -0.372633 0.001958 0.013285 0.981283 0.192099
13.375686 -188.401108 21.917141 -0.362483 0.002405 0.012491 0.980938 0.193903
13.479330 -190.553665 22.808002 -0.351731 0.002513 0.012718 0.980591 0.195634
13.583003 -192.724365 23.688690 -0.343756 0.001964 0.012507 0.980263 0.197292
13.686669 -194.904083 24.600517 -0.333449 0.001532 0.012475 0.979907 0.199058
13.790360 -197.074478 25.512615 -0.324752 0.001308 0.012450 0.979511 0.201002
13.894062 -199.249451 26.440777 -0.317200 0.001401 0.011883 0.979133 0.202869
13.997755 -201.415649 27.351833 -0.309222 0.001773 0.011570 0.978801 0.204477
14.101446 -203.588593 28.288967 -0.296794 0.001754 0.011432 0.978464 0.206094
14.205128 -205.758011 29.244194 -0.279231 0.001918 0.011908 0.978175 0.207431
14.412458 -210.105148 31.155205 -0.258747 0.001430 0.013291 0.977661 0.209760
14.516102 -212.280655 32.119461 -0.250841 0.001373 0.013689 0.977398 0.210960
14.619784 -214.456650 33.103046 -0.235937 0.001640 0.013660 0.977136 0.212169
14.723456 -216.638504 34.106529 -0.228900 0.001753 0.013329 0.976837 0.213562
14.827124 -218.818069 35.093346 -0.215503 0.002238 0.013055 0.976562 0.214827
14.930825 -220.990295 36.079929 -0.192730 0.002675 0.012646 0.976246 0.216279
15.034531 -223.168396 37.064049 -0.176215 0.002931 0.011746 0.975977 0.217538
15.241897 -227.510986 39.094269 -0.139095 0.002682 0.012610 0.975358 0.220253
15.345578 -229.683441 40.116920 -0.122587 0.002007 0.012947 0.975067 0.221525
15.449248 -231.857086 41.144859 -0.108035 0.001766 0.012738 0.974712 0.223095
15.552915 -234.033966 42.185211 -0.090942 0.001850 0.012165 0.974406 0.224458
15.656581 -236.201523 43.228939 -0.080449 0.001604 0.011383 0.974026 0.226145
15.760250 -238.366516 44.281910 -0.069630 0.001256 0.010908 0.973614 0.227938
15.863896 -240.527527 45.343109 -0.053226 0.001237 0.010650 0.973245 0.229520
15.967555 -242.688614 46.415615 -0.044392 0.001006 0.010367 0.972780 0.231494
16.071235 -244.856033 47.481861 -0.026729 0.000762 0.010001 0.972383 0.233174
16.174900 -247.009720 48.565380 -0.018989 0.000675 0.009625 0.971903 0.235184
16.278545 -249.167053 49.657375 -0.006109 0.000899 0.009603 0.971418 0.237177
16.485829 -253.440353 51.856094 0.021618 0.000775 0.009685 0.970496 0.240921
16.589484 -255.587219 52.977551 0.038495 0.000846 0.009174 0.970018 0.242860
16.693128 -257.710083 54.110626 0.037932 0.000941 0.009276 0.969553 0.244705
16.796796 -259.842529 55.252846 0.038487 0.001215 0.009652 0.969071 0.246590
16.900463 -261.977234 56.400723 0.055426 0.001590 0.010352 0.968603 0.248391
17.004101 -264.098053 57.566093 0.066430 0.002184 0.011162 0.968131 0.250187
17.211407 -268.349396 59.912857 0.082957 0.003205 0.012454 0.967299 0.253311
17.315039 -270.474823 61.109013 0.097499 0.004055 0.013280 0.966915 0.254722
17.418721 -272.606140 62.313427 0.110697 0.004167 0.013790 0.966500 0.256263
17.522454 -274.739685 63.516987 0.127150 0.004385 0.013774 0.966027 0.258037
17.626155 -276.896545 64.746574 0.135215 0.004472 0.013355 0.965583 0.259714
17.833487 -281.200836 67.238091 0.158501 0.005011 0.013206 0.964599 0.263341
17.937156 -283.375793 68.487976 0.172102 0.005097 0.012547 0.964257 0.264624
18.040801 -285.543732 69.776825 0.181126 0.005062 0.013079 0.963854 0.266062
18.144429 -287.694763 71.072914 0.193705 0.004780 0.013935 0.963554 0.267108
18.248021 -289.861603 72.358269 0.211413 0.004404 0.014514 0.963277 0.268080
18.351615 -292.056549 73.660210 0.225016 0.004212 0.014532 0.962950 0.269253
18.455242 -294.237793 74.975342 0.227424 0.003842 0.014488 0.962630 0.270404
18.662415 -298.622070 77.646896 0.238112 0.003294 0.015384 0.961960 0.272737
18.766041 -300.833191 78.996254 0.240760 0.003697 0.015269 0.961678 0.273730
18.869661 -303.051666 80.366638 0.256397 0.004617 0.014515 0.961346 0.274920
18.973308 -305.274628 81.737320 0.273664 0.004423 0.013443 0.960849 0.276711
19.076989 -307.500336 83.116394 0.286349 0.003412 0.012461 0.960226 0.278924
19.284325 -311.968781 85.931015 0.291039 0.001900 0.011247 0.958762 0.283982
19.387997 -314.201019 87.372696 0.287672 0.001750 0.011492 0.958109 0.286167
19.491641 -316.441254 88.830414 0.287570 0.002176 0.012545 0.957395 0.288500
19.595286 -318.669861 90.303162 0.291714 0.002364 0.013078 0.956708 0.290744
19.698934 -320.882843 91.789932 0.300905 0.001921 0.013144 0.956050 0.292902
19.802555 -323.096436 93.274254 0.302655 0.001140 0.013484 0.955415 0.294955
19.906175 -325.322235 94.774727 0.305294 0.000323 0.013418 0.954742 0.297132
20.009796 -327.548004 96.286919 0.303790 0.000152 0.013494 0.954111 0.299150
20.113416 -329.752594 97.802437 0.302215 -0.000178 0.013088 0.953417 0.301371
20.217035 -331.943329 99.329231 0.301181 -0.000408 0.013647 0.952648 0.303768
20.320656 -334.134216 100.868736 0.298285 -0.000921 0.014158 0.951987 0.305808
20.424278 -336.329163 102.410660 0.291681 -0.001526 0.013734 0.951327 0.307872
20.527900 -338.521301 103.978874 0.275577 -0.001965 0.013622 0.950699 0.309808
20.631521 -340.686676 105.535805 0.259771 -0.002641 0.013926 0.950040 0.311807
20.735144 -342.847473 107.109894 0.248420 -0.003009 0.013319 0.949546 0.313330
20.838787 -344.999908 108.682327 0.229474 -0.002826 0.011937 0.949033 0.314938
20.942429 -347.170654 110.275169 0.208897 -0.002937 0.009849 0.948386 0.316952
21.046053 -349.333954 111.881065 0.204417 -0.004103 0.008215 0.947804 0.318721
21.149699 -351.488678 113.489433 0.174108 -0.004695 0.009232 0.947225 0.320401
21.253344 -353.644958 115.120277 0.157868 -0.004470 0.009413 0.946714 0.321906
21.356967 -355.795319 116.748932 0.140711 -0.004896 0.008280 0.946099 0.323735
21.460611 -357.927094 118.383072 0.116878 -0.006497 0.007465 0.945508 0.325449
21.564275 -360.060547 120.032379 0.086345 -0.007478 0.007338 0.944940 0.327077
21.667919 -362.213257 121.703499 0.044060 -0.007707 0.007053 0.944386 0.328673
21.771544 -364.362335 123.379128 0.020508 -0.007844 0.006655 0.943851 0.330211
21.875166 -366.473053 125.046600 -0.009256 -0.008205 0.006734 0.943286 0.331811
21.978810 -368.586853 126.729225 -0.038611 -0.008574 0.006768 0.942759 0.333295
22.082455 -370.694183 128.410233 -0.057995 -0.008909 0.005823 0.942240 0.334769
22.186113 -372.776581 130.076599 -0.070161 -0.009215 0.001414 0.941721 0.336267
22.289782 -374.844208 131.731506 -0.111259 -0.006651 -0.003333 0.941217 0.337720
22.393442 -376.937866 133.431335 -0.134905 -0.002142 -0.000149 0.940704 0.339221
22.497065 -379.024963 135.169739 -0.126002 -0.002460 0.003459 0.940472 0.339845
22.600683 -381.123444 136.899460 -0.132764 -0.007529 0.004577 0.940043 0.340942
22.704355 -383.206116 138.624069 -0.160570 -0.013086 0.003831 0.939477 0.342341
22.808027 -385.288391 140.338531 -0.214290 -0.016010 0.002061 0.938802 0.344078
22.911692 -387.362762 142.067810 -0.291000 -0.015886 0.001986 0.938228 0.345646
23.015338 -389.428925 143.815186 -0.350888 -0.013983 0.004281 0.937700 0.347138
23.118984 -391.475708 145.555191 -0.385808 -0.011487 0.005802 0.937248 0.348424
23.222676 -393.512543 147.304062 -0.421868 -0.010067 0.005631 0.936777 0.349736
23.326367 -395.561310 149.072556 -0.458863 -0.010174 0.005445 0.936136 0.351449
23.430066 -397.610413 150.846634 -0.506731 -0.010669 0.006048 0.935505 0.353101
23.533761 -399.646912 152.618088 -0.550593 -0.011300 0.006611 0.934957 0.354520
23.637425 -401.670807 154.391068 -0.590747 -0.011542 0.006884 0.934586 0.355484
23.741093 -403.708832 156.188675 -0.634600 -0.011353 0.006983 0.934263 0.356336
23.844758 -405.726318 157.969452 -0.685277 -0.011300 0.007443 0.934028 0.356944
23.948427 -407.749023 159.774384 -0.739383 -0.011896 0.008335 0.933763 0.357598
24.052076 -409.773804 161.563568 -0.791705 -0.012659 0.009794 0.933477 0.358280
24.155720 -411.769257 163.352722 -0.844339 -0.013419 0.010767 0.933297 0.358692
24.259365 -413.766357 165.138046 -0.894910 -0.013415 0.010008 0.933106 0.359211
24.362988 -415.772491 166.926422 -0.943320 -0.012760 0.007760 0.932836 0.359992
24.466634 -417.780457 168.719131 -1.003906 -0.012407 0.006078 0.932533 0.360819
24.570277 -419.781097 170.519348 -1.063069 -0.012691 0.005887 0.932337 0.361319
24.673921 -421.781494 172.311615 -1.100990 -0.013297 0.005021 0.932185 0.361704
24.777542 -423.775024 174.109009 -1.149711 -0.013291 0.003770 0.932000 0.362195
24.881140 -425.771210 175.909241 -1.210479 -0.013459 0.003329 0.931870 0.362528
24.984736 -427.753754 177.715439 -1.265516 -0.014284 0.003779 0.931776 0.362733
25.088310 -429.747559 179.518173 -1.335234 -0.015348 0.005202 0.931781 0.362660
25.191902 -431.729553 181.327286 -1.413889 -0.017052 0.007981 0.931978 0.362026
25.399102 -435.722198 184.947128 -1.541395 -0.019784 0.008476 0.932714 0.359973
25.502723 -437.721222 186.726685 -1.616318 -0.018963 0.004287 0.933069 0.359171
25.606342 -439.722778 188.504272 -1.709994 -0.018527 0.001372 0.933469 0.358177
25.709941 -441.730316 190.283142 -1.791358 -0.018194 0.000724 0.934111 0.356517
25.813538 -443.738647 192.049164 -1.869041 -0.018141 0.001428 0.934772 0.354782
25.917181 -445.749451 193.815277 -1.943761 -0.018318 0.001984 0.935460 0.352953
26.020827 -447.771210 195.564529 -1.987560 -0.018053 0.000543 0.936041 0.351427
26.124473 -449.790222 197.296967 -2.045888 -0.019535 -0.002968 0.936416 0.350336
26.228142 -451.829865 199.029083 -2.114686 -0.021493 -0.006508 0.936657 0.349526
26.331788 -453.865662 200.747971 -2.188641 -0.022020 -0.009634 0.936781 0.349089
26.435433 -455.896637 202.481155 -2.273252 -0.021677 -0.010713 0.936881 0.348812
26.539078 -457.933533 204.222031 -2.347472 -0.021983 -0.009922 0.937130 0.348145
26.642699 -459.970367 205.964508 -2.413913 -0.023162 -0.008681 0.937427 0.347302
26.746321 -461.996277 207.676163 -2.487615 -0.024201 -0.008680 0.937728 0.346418
26.849943 -464.026520 209.404526 -2.560848 -0.024422 -0.009884 0.937953 0.345761
26.953588 -466.061127 211.126648 -2.647884 -0.023547 -0.010731 0.938176 0.345190
27.057256 -468.094330 212.835861 -2.727920 -0.022795 -0.010541 0.938450 0.344501
27.160925 -470.123505 214.556702 -2.801061 -0.022885 -0.009524 0.938774 0.343640
27.264570 -472.182831 216.279221 -2.872442 -0.023423 -0.008471 0.939059 0.342853
27.368218 -474.229889 217.995834 -2.948640 -0.023835 -0.008282 0.939338 0.342064
27.471887 -476.274597 219.695282 -3.022769 -0.024131 -0.008418 0.939534 0.341500
27.575551 -478.323639 221.402420 -3.109757 -0.024627 -0.008250 0.939771 0.340816
27.679221 -480.375000 223.094711 -3.192868 -0.025214 -0.008228 0.939946 0.340290
27.782892 -482.429901 224.792816 -3.278371 -0.024810 -0.008635 0.940091 0.339909
27.886535 -484.476410 226.482101 -3.366878 -0.024318 -0.008729 0.940258 0.339482
27.990156 -486.530243 228.171051 -3.445203 -0.024746 -0.008485 0.940390 0.339090
28.093777 -488.586914 229.856476 -3.526290 -0.025427 -0.008518 0.940527 0.338659
28.197420 -490.647095 231.547195 -3.616212 -0.026057 -0.008904 0.940540 0.338564
28.301069 -492.716003 233.234070 -3.706455 -0.026378 -0.009070 0.940523 0.338583
28.404691 -494.769135 234.917984 -3.802031 -0.026152 -0.008937 0.940481 0.338720
28.508312 -496.834595 236.612823 -3.891372 -0.026222 -0.008773 0.940463 0.338770
28.611958 -498.899628 238.309540 -3.981870 -0.026979 -0.008840 0.940464 0.338705
28.715604 -500.973389 239.996658 -4.076032 -0.027851 -0.008788 0.940354 0.338941
28.819224 -503.034119 241.684372 -4.175562 -0.028281 -0.008934 0.940323 0.338989
28.922836 -505.108398 243.378952 -4.280180 -0.028261 -0.009223 0.940344 0.338924
29.026481 -507.164978 245.069870 -4.384616 -0.028035 -0.009208 0.940368 0.338876
29.130135 -509.227142 246.767654 -4.483188 -0.027933 -0.009064 0.940470 0.338605
29.233755 -511.292786 248.457138 -4.580292 -0.028108 -0.008852 0.940505 0.338501
29.337395 -513.371887 250.157944 -4.679505 -0.028233 -0.009062 0.940592 0.338243
29.441043 -515.427490 251.834579 -4.774255 -0.028178 -0.009382 0.940604 0.338203
29.544685 -517.496521 253.521698 -4.877513 -0.028544 -0.009478 0.940637 0.338078
29.648330 -519.554626 255.214554 -4.982726 -0.029183 -0.009254 0.940687 0.337892
29.751949 -521.631409 256.901001 -5.094944 -0.029917 -0.009001 0.940756 0.337643
29.855548 -523.700439 258.588196 -5.202026 -0.029806 -0.008858 0.940875 0.337324
29.959129 -525.759949 260.270538 -5.309879 -0.029495 -0.008390 0.940951 0.337150
30.062724 -527.824097 261.947052 -5.415195 -0.029833 -0.008140 0.940973 0.337066
30.166322 -529.901306 263.633118 -5.523692 -0.030330 -0.008139 0.941040 0.336835
30.269921 -531.960510 265.308563 -5.638093 -0.030430 -0.008454 0.941068 0.336739
30.373543 -534.027771 266.986877 -5.750114 -0.030439 -0.008618 0.941031 0.336837
30.477176 -536.107178 268.672028 -5.867660 -0.031169 -0.008483 0.941003 0.336853
30.580842 -538.178406 270.356598 -5.985871 -0.031986 -0.008398 0.940983 0.336833
30.684520 -540.253052 272.034943 -6.109561 -0.032558 -0.008573 0.940944 0.336885
30.788184 -542.308777 273.707764 -6.227314 -0.031806 -0.009112 0.940936 0.336965
30.891825 -544.374878 275.384705 -6.347473 -0.030597 -0.009614 0.940961 0.336992
30.995475 -546.441223 277.072357 -6.461015 -0.030712 -0.009642 0.940944 0.337028
31.099150 -548.514404 278.760773 -6.583214 -0.031580 -0.008979 0.940948 0.336956
31.202809 -550.591492 280.451813 -6.703338 -0.032496 -0.008171 0.940978 0.336805
31.306479 -552.661865 282.134003 -6.826687 -0.032450 -0.007850 0.940980 0.336812
31.410188 -554.738586 283.814545 -6.951104 -0.032052 -0.007751 0.941035 0.336699
31.513883 -556.809692 285.509430 -7.075208 -0.031989 -0.007443 0.941062 0.336636
31.617549 -558.878601 287.187469 -7.202651 -0.032202 -0.006916 0.941113 0.336485
31.721215 -560.952698 288.879578 -7.328661 -0.032862 -0.006346 0.941144 0.336346
31.824908 -563.034546 290.567719 -7.451108 -0.033469 -0.006321 0.941188 0.336162
31.928605 -565.101868 292.247101 -7.587924 -0.033441 -0.006267 0.941251 0.335988
32.032273 -567.170959 293.929382 -7.717161 -0.033668 -0.005662 0.941329 0.335759
32.135941 -569.246582 295.611115 -7.845995 -0.034266 -0.005405 0.941430 0.335418
32.239634 -571.318359 297.287262 -7.980458 -0.034854 -0.005791 0.941489 0.335188
32.343352 -573.398376 298.964752 -8.121436 -0.035617 -0.006438 0.941533 0.334972
32.447077 -575.476013 300.637573 -8.266233 -0.035037 -0.006441 0.941671 0.334645
32.550770 -577.558594 302.330841 -8.413650 -0.034497 -0.005964 0.941834 0.334249
32.654456 -579.639526 304.009949 -8.542015 -0.034381 -0.005422 0.942029 0.333721
32.758146 -581.730347 305.683289 -8.675115 -0.035007 -0.005212 0.942143 0.333336
32.861808 -583.784912 307.345154 -8.822256 -0.035599 -0.004840 0.942281 0.332891
32.965447 -585.868530 309.007599 -8.959004 -0.035396 -0.004834 0.942394 0.332591
33.069097 -587.942505 310.661591 -9.100094 -0.035477 -0.005187 0.942590 0.332022
33.172802 -590.023682 312.320465 -9.244349 -0.035565 -0.005353 0.942751 0.331552
33.276496 -592.107178 313.981415 -9.387741 -0.035986 -0.005468 0.942859 0.331198
33.380187 -594.187256 315.637878 -9.533360 -0.036276 -0.005669 0.942990 0.330788
33.483885 -596.282532 317.288788 -9.675129 -0.036795 -0.006234 0.943086 0.330447
33.587553 -598.356750 318.937073 -9.827092 -0.036966 -0.006954 0.943142 0.330254
33.691246 -600.448303 320.586639 -9.977766 -0.036623 -0.007390 0.943177 0.330183
33.794985 -602.549133 322.243042 -10.128712 -0.036972 -0.006998 0.943108 0.330350
33.898723 -604.639038 323.903259 -10.281837 -0.037763 -0.006670 0.943095 0.330303
34.002441 -606.716248 325.547363 -10.433636 -0.038394 -0.006904 0.943103 0.330205
34.106122 -608.808228 327.198181 -10.589165 -0.038008 -0.007226 0.943091 0.330275
34.209813 -610.909180 328.860962 -10.745739 -0.037104 -0.007360 0.943143 0.330227
34.313518 -612.997498 330.507050 -10.892365 -0.036508 -0.007426 0.943178 0.330193
34.417176 -615.093262 332.163391 -11.046393 -0.036613 -0.007197 0.943166 0.330221
34.520810 -617.190002 333.819855 -11.193570 -0.037241 -0.006986 0.943203 0.330049
34.624454 -619.282166 335.475250 -11.340775 -0.037906 -0.006528 0.943216 0.329945
34.728133 -621.391174 337.133026 -11.498251 -0.038165 -0.006276 0.943223 0.329901
34.831837 -623.500427 338.783997 -11.650780 -0.038147 -0.006262 0.943276 0.329750
34.935533 -625.595520 340.438354 -11.810211 -0.038108 -0.006406 0.943371 0.329481
35.039205 -627.690125 342.089752 -11.968125 -0.038301 -0.006493 0.943457 0.329210
35.142851 -629.800598 343.752686 -12.121848 -0.038628 -0.006290 0.943525 0.328981
35.246494 -631.896851 345.401825 -12.280414 -0.038912 -0.006347 0.943599 0.328734
35.350136 -633.996765 347.045776 -12.440030 -0.039118 -0.006499 0.943697 0.328425
35.453773 -636.103394 348.697601 -12.597044 -0.038764 -0.006522 0.943786 0.328212
35.557439 -638.205078 350.346130 -12.760765 -0.038971 -0.006437 0.943860 0.327976
35.661100 -640.307739 351.991028 -12.916035 -0.039588 -0.006093 0.943942 0.327671
35.764750 -642.406067 353.631134 -13.080981 -0.039675 -0.005782 0.944028 0.327421
35.868445 -644.525024 355.286743 -13.246351 -0.039225 -0.005874 0.944130 0.327177
35.972139 -646.624023 356.921021 -13.404071 -0.038699 -0.005694 0.944218 0.326989
36.075806 -648.738892 358.559601 -13.566587 -0.038976 -0.005352 0.944346 0.326594
36.179474 -650.839844 360.203979 -13.726315 -0.039525 -0.004842 0.944431 0.326289
36.283136 -652.954163 361.839691 -13.886053 -0.040018 -0.004621 0.944499 0.326034
36.386805 -655.068542 363.481537 -14.053449 -0.040477 -0.004643 0.944534 0.325878
36.490452 -657.179199 365.116699 -14.227021 -0.040746 -0.004746 0.944580 0.325708
36.594126 -659.285278 366.749786 -14.393869 -0.040439 -0.004719 0.944691 0.325426
36.697819 -661.397949 368.382263 -14.563259 -0.040228 -0.004931 0.944793 0.325152
36.801506 -663.502136 370.010742 -14.731072 -0.040053 -0.004986 0.944869 0.324951
36.905221 -665.614685 371.643829 -14.901858 -0.040133 -0.005179 0.944937 0.324742
37.008939 -667.720459 373.267212 -15.074829 -0.040459 -0.005203 0.944916 0.324760
37.112658 -669.831055 374.904449 -15.236739 -0.040799 -0.005448 0.944849 0.324908
37.216352 -671.950623 376.525848 -15.411045 -0.040972 -0.005840 0.944784 0.325071
37.320018 -674.056702 378.153137 -15.580067 -0.040884 -0.006210 0.944730 0.325231
37.423689 -676.170044 379.779541 -15.752098 -0.040942 -0.006317 0.944672 0.325391
37.527360 -678.295471 381.428833 -15.929674 -0.041280 -0.006125 0.944569 0.325649
37.631029 -680.411438 383.063354 -16.102846 -0.041715 -0.005613 0.944465 0.325904
37.734699 -682.519592 384.689056 -16.279715 -0.041973 -0.005059 0.944392 0.326092
37.838338 -684.615112 386.325073 -16.453789 -0.042289 -0.004992 0.944356 0.326156
37.941959 -686.722229 387.962067 -16.634453 -0.042001 -0.005024 0.944336 0.326251
38.045584 -688.821899 389.591766 -16.817020 -0.041632 -0.004780 0.944389 0.326148
38.149204 -690.939575 391.236420 -16.994814 -0.041336 -0.004057 0.944461 0.325987
38.252828 -693.045288 392.881195 -17.168423 -0.041309 -0.003543 0.944573 0.325672
38.356449 -695.156006 394.518341 -17.345467 -0.041479 -0.002942 0.944672 0.325369
38.460091 -697.268127 396.153564 -17.516941 -0.041536 -0.002683 0.944809 0.324967
38.563736 -699.369629 397.782654 -17.692553 -0.041506 -0.002933 0.944925 0.324631
38.667381 -701.490295 399.410339 -17.873623 -0.041440 -0.003361 0.945021 0.324356
38.771051 -703.612732 401.047821 -18.048363 -0.041400 -0.003491 0.945097 0.324138
38.874718 -705.745422 402.688721 -18.232641 -0.041769 -0.003557 0.945178 0.323854
38.978365 -707.858765 404.316437 -18.418858 -0.042562 -0.002909 0.945227 0.323613
39.081989 -709.973938 405.945099 -18.601328 -0.043031 -0.002246 0.945339 0.323230
39.185607 -712.079895 407.567261 -18.784906 -0.042937 -0.001784 0.945519 0.322717
39.289227 -714.196045 409.190430 -18.969883 -0.042625 -0.001459 0.945656 0.322360
39.392869 -716.296082 410.797058 -19.156673 -0.042154 -0.001543 0.945875 0.321778
39.496563 -718.416687 412.413544 -19.339119 -0.041810 -0.001700 0.946062 0.321273
39.600283 -720.533752 414.028259 -19.521921 -0.041654 -0.001590 0.946195 0.320902
39.703977 -722.645508 415.634888 -19.705273 -0.041355 -0.001162 0.946380 0.320394
39.807670 -724.766113 417.235321 -19.878862 -0.041472 -0.001290 0.946547 0.319885
39.911337 -726.888855 418.834106 -20.055616 -0.042049 -0.001723 0.946721 0.319294
40.014982 -729.003479 420.416656 -20.241417 -0.042429 -0.002603 0.946902 0.318700
40.118651 -731.112244 422.015198 -20.435587 -0.042266 -0.002673 0.947039 0.318312
40.222322 -733.244934 423.611877 -20.622972 -0.041824 -0.002203 0.947185 0.317941
40.325991 -735.366150 425.209778 -20.798727 -0.041311 -0.001692 0.947332 0.317573
40.429655 -737.497620 426.799286 -20.977324 -0.041608 -0.001590 0.947387 0.317370
40.533324 -739.639221 428.385193 -21.156210 -0.042469 -0.001570 0.947343 0.317387
40.636996 -741.766174 429.976166 -21.347267 -0.043280 -0.002104 0.947307 0.317382
40.740667 -743.894836 431.558594 -21.534409 -0.043157 -0.002977 0.947316 0.317366
40.844336 -746.013184 433.138092 -21.726955 -0.042350 -0.003320 0.947444 0.317087
40.947985 -748.134094 434.723053 -21.918701 -0.042736 -0.002508 0.947558 0.316704
41.051630 -750.271851 436.330353 -22.108299 -0.043181 -0.000993 0.947660 0.316347
41.155293 -752.408752 437.921326 -22.309784 -0.043263 0.000252 0.947782 0.315971
41.258963 -754.530334 439.497162 -22.493521 -0.042682 0.000590 0.947968 0.315490
41.362632 -756.658081 441.081024 -22.677950 -0.041628 0.000336 0.948132 0.315138
41.466275 -758.799744 442.660309 -22.865295 -0.040811 0.000129 0.948335 0.314634
41.569945 -760.938965 444.247375 -23.049633 -0.040734 0.000520 0.948513 0.314106
41.673641 -763.089600 445.830383 -23.228186 -0.041378 0.000908 0.948680 0.313516
41.777333 -765.216125 447.400360 -23.417141 -0.042062 0.000938 0.948854 0.312898
41.881025 -767.358704 448.971527 -23.603170 -0.042156 0.000563 0.949074 0.312220
41.984692 -769.499573 450.535217 -23.794296 -0.042262 0.000245 0.949234 0.311719
42.088361 -771.633911 452.093719 -23.987650 -0.042459 0.000138 0.949453 0.311023
42.192036 -773.777283 453.652374 -24.174425 -0.042427 0.000024 0.949651 0.310425
42.295707 -775.917603 455.203461 -24.366999 -0.042224 -0.000321 0.949858 0.309816
42.399349 -778.064697 456.756073 -24.557081 -0.041999 -0.000079 0.949995 0.309429
42.502967 -780.210388 458.311005 -24.738062 -0.042336 0.000222 0.950080 0.309120
42.606587 -782.359680 459.854095 -24.925051 -0.043228 0.000100 0.950081 0.308993
42.710214 -784.497681 461.401031 -25.110199 -0.043898 -0.000464 0.950050 0.308996
42.813836 -786.638367 462.927704 -25.315279 -0.043793 -0.001080 0.950051 0.309006
42.917478 -788.775879 464.466431 -25.506151 -0.043407 -0.001656 0.950015 0.309166
43.021121 -790.912048 466.011078 -25.697628 -0.043510 -0.001731 0.949993 0.309221
43.124751 -793.049622 467.553589 -25.896145 -0.043302 -0.001340 0.949918 0.309483
43.228375 -795.183167 469.101227 -26.085594 -0.043343 -0.000720 0.949854 0.309675
43.332001 -797.325806 470.660767 -26.271370 -0.043551 -0.000209 0.949787 0.309852
43.435644 -799.458008 472.203949 -26.460787 -0.044060 0.000083 0.949701 0.310044
43.539278 -801.578674 473.737274 -26.653336 -0.044499 -0.000103 0.949659 0.310108
43.642898 -803.717957 475.284790 -26.850887 -0.043919 -0.000775 0.949725 0.309988
43.746518 -805.834167 476.816559 -27.041359 -0.042826 -0.001347 0.949780 0.309972
43.850140 -807.949829 478.349274 -27.226675 -0.042369 -0.001468 0.949886 0.309709
43.953764 -810.081848 479.895142 -27.413439 -0.042589 -0.001284 0.949976 0.309404
44.057382 -812.214111 481.436829 -27.600363 -0.043023 -0.001023 0.950097 0.308971
44.161002 -814.359192 482.991425 -27.795938 -0.043322 -0.000559 0.950226 0.308533
44.264626 -816.492676 484.527161 -27.989349 -0.043391 0.000002 0.950387 0.308029
44.368271 -818.634399 486.070282 -28.183723 -0.043520 0.000557 0.950646 0.307209
44.471915 -820.772827 487.609589 -28.376810 -0.043686 0.000883 0.950899 0.306402
44.575532 -822.927246 489.139679 -28.575104 -0.043921 0.001099 0.951125 0.305664
44.679177 -825.071411 490.665253 -28.772139 -0.044107 0.001314 0.951406 0.304761
44.782824 -827.230408 492.195160 -28.971924 -0.044543 0.001564 0.951614 0.304045
44.886447 -829.377991 493.708984 -29.172821 -0.045350 0.001379 0.951822 0.303274
44.990092 -831.550476 495.242950 -29.380550 -0.046000 0.001164 0.952038 0.302500
45.093734 -833.728638 496.757385 -29.590088 -0.045906 0.000622 0.952243 0.301870
45.197382 -835.898254 498.275177 -29.810125 -0.045718 0.000665 0.952386 0.301446
45.301034 -838.080566 499.805542 -30.023008 -0.045826 0.001076 0.952554 0.300898
45.404706 -840.253906 501.312439 -30.235235 -0.046251 0.001279 0.952615 0.300638
45.508394 -842.430298 502.821136 -30.448967 -0.046668 0.001168 0.952614 0.300579
45.612059 -844.616394 504.333954 -30.665958 -0.047641 0.001067 0.952524 0.300712
45.715727 -846.790710 505.842987 -30.881676 -0.048616 0.000561 0.952485 0.300679
45.819372 -848.967712 507.345581 -31.101616 -0.048638 -0.000230 0.952447 0.300796
45.922994 -851.155151 508.862488 -31.331841 -0.048027 -0.000516 0.952498 0.300732
46.026610 -853.345093 510.381866 -31.555241 -0.048385 -0.000750 0.952579 0.300419
46.130229 -855.537231 511.906555 -31.779583 -0.049269 -0.000926 0.952647 0.300059
46.233856 -857.726562 513.424316 -32.008022 -0.048920 -0.000882 0.952748 0.299795
46.337479 -859.908691 514.945435 -32.231525 -0.048418 -0.000742 0.952865 0.299505
46.441099 -862.108704 516.447937 -32.454983 -0.048581 -0.000124 0.952906 0.299348
46.544768 -864.299011 517.966003 -32.678795 -0.049473 0.000637 0.952919 0.299161
46.648460 -866.477112 519.468262 -32.904972 -0.050441 0.001227 0.952902 0.299051
46.752103 -868.693787 521.003845 -33.141521 -0.051341 0.001248 0.952922 0.298834
46.855752 -870.876465 522.509644 -33.378704 -0.051983 0.001180 0.952987 0.298516
46.959373 -873.070129 524.005981 -33.614193 -0.051648 0.001478 0.953203 0.297881
47.062945 -875.260437 525.516235 -33.854443 -0.050947 0.002336 0.953481 0.297109
47.166544 -877.467529 527.024536 -34.089909 -0.050758 0.003324 0.953710 0.296393
47.270164 -879.645203 528.523743 -34.319439 -0.051103 0.003905 0.953996 0.295405
47.373784 -881.840576 530.011475 -34.558723 -0.051820 0.004319 0.954197 0.294624
47.477429 -884.011841 531.477539 -34.795612 -0.052443 0.004769 0.954429 0.293756
47.581109 -886.206543 532.959045 -35.038486 -0.053156 0.005103 0.954582 0.293123
47.684780 -888.394287 534.430908 -35.279961 -0.053708 0.004777 0.954732 0.292541
47.788451 -890.582703 535.896484 -35.522648 -0.053746 0.004284 0.954957 0.291806
47.892167 -892.776550 537.359375 -35.775806 -0.053830 0.004045 0.955169 0.291097
47.995870 -894.971985 538.819946 -36.023037 -0.053975 0.004206 0.955357 0.290452
48.099535 -897.144165 540.269043 -36.272808 -0.053996 0.004546 0.955578 0.289713
48.203181 -899.343567 541.720703 -36.518597 -0.053901 0.004777 0.955764 0.289113
48.306834 -901.514343 543.150330 -36.771286 -0.054508 0.005308 0.955899 0.288543
48.410503 -903.702454 544.590881 -37.019550 -0.055176 0.005591 0.955999 0.288081
48.514172 -905.866699 546.010742 -37.273502 -0.055766 0.005603 0.956150 0.287463
48.617810 -908.040833 547.427917 -37.532810 -0.055924 0.005541 0.956287 0.286980
48.721427 -910.221497 548.851379 -37.795155 -0.055920 0.005353 0.956410 0.286574
48.825056 -912.399109 550.268677 -38.052765 -0.056096 0.004988 0.956521 0.286173
48.928668 -914.565002 551.681152 -38.313137 -0.056136 0.004978 0.956613 0.285860
49.032283 -916.728577 553.093140 -38.570923 -0.055726 0.005214 0.956735 0.285526
49.135907 -918.902954 554.506409 -38.824516 -0.055084 0.005463 0.956841 0.285292
49.239535 -921.069763 555.898987 -39.079144 -0.055398 0.005928 0.956877 0.285101
49.343142 -923.241272 557.310364 -39.335083 -0.056756 0.006491 0.956883 0.284799
49.446763 -925.401794 558.713257 -39.608318 -0.057184 0.006462 0.956914 0.284611
49.550397 -927.551697 560.099976 -39.859367 -0.055180 0.004724 0.957083 0.284472
49.653995 -929.724976 561.497253 -40.105335 -0.053051 0.002727 0.957207 0.284487
49.757598 -931.880310 562.883667 -40.360855 -0.054630 0.002562 0.957137 0.284427
49.861211 -934.057861 564.288330 -40.618870 -0.057643 0.003811 0.957027 0.284186
49.964838 -936.196838 565.677612 -40.890690 -0.059018 0.004711 0.956986 0.284028
50.068443 -938.381104 567.081482 -41.169132 -0.058981 0.005646 0.957056 0.283784
50.172040 -940.544983 568.479858 -41.440544 -0.058996 0.005939 0.957166 0.283402
50.275680 -942.715271 569.877014 -41.713543 -0.059581 0.006165 0.957201 0.283158
50.379349 -944.887329 571.266479 -41.993095 -0.060414 0.005941 0.957301 0.282647
50.482997 -947.042786 572.651672 -42.278904 -0.060669 0.006135 0.957408 0.282224
50.586639 -949.212891 574.040161 -42.558956 -0.060112 0.005850 0.957575 0.281783
50.690307 -951.382080 575.426147 -42.837929 -0.059829 0.005993 0.957782 0.281136
50.794002 -953.549133 576.804199 -43.120552 -0.060052 0.006598 0.957948 0.280511
50.897695 -955.708008 578.177063 -43.403793 -0.060197 0.006888 0.958079 0.280023
51.001385 -957.859253 579.540039 -43.679081 -0.060071 0.006806 0.958223 0.279559
51.105079 -960.044006 580.914917 -43.959606 -0.060249 0.006648 0.958340 0.279124
51.208751 -962.227966 582.287598 -44.247074 -0.060827 0.006891 0.958468 0.278554
51.312444 -964.395020 583.650757 -44.526299 -0.061384 0.007029 0.958573 0.278065
51.416135 -966.533203 585.000549 -44.813427 -0.062459 0.007316 0.958529 0.277969
51.519804 -968.686340 586.350403 -45.111790 -0.064367 0.007480 0.958487 0.277674
51.623475 -970.854797 587.695679 -45.424042 -0.065783 0.007952 0.958579 0.277011
51.727142 -972.996277 589.034790 -45.727013 -0.066747 0.007093 0.958557 0.276880
51.830810 -975.175537 590.391907 -46.033878 -0.065594 0.007367 0.958626 0.276910
51.934482 -977.335266 591.746155 -46.342663 -0.064819 0.008064 0.958738 0.276685
52.038177 -979.515686 593.115723 -46.636936 -0.064407 0.009078 0.958678 0.276957
52.141892 -981.704590 594.470520 -46.944935 -0.064701 0.008601 0.958713 0.276783
52.245610 -983.886841 595.827209 -47.245098 -0.065282 0.007185 0.958698 0.276739
52.349302 -986.080139 597.194153 -47.556999 -0.065130 0.006109 0.958641 0.276997
52.452993 -988.282654 598.563782 -47.879673 -0.064611 0.006753 0.958691 0.276933
52.556663 -990.489380 599.944031 -48.192318 -0.064782 0.008290 0.958706 0.276800
52.660305 -992.691040 601.319092 -48.497093 -0.064675 0.009415 0.958726 0.276718
52.763975 -994.897705 602.703979 -48.804745 -0.064348 0.009686 0.958770 0.276634
52.867624 -997.096436 604.081116 -49.112732 -0.064500 0.009916 0.958764 0.276611
52.971244 -999.303772 605.456177 -49.421757 -0.064919 0.010065 0.958817 0.276323
53.074889 -1001.490662 606.821106 -49.731560 -0.064958 0.009870 0.958929 0.275930
53.178560 -1003.694092 608.180115 -50.032593 -0.064501 0.009484 0.959061 0.275593
53.282204 -1005.898743 609.545776 -50.345516 -0.064484 0.009233 0.959180 0.275192
53.385825 -1008.102234 610.907349 -50.652065 -0.064867 0.009572 0.959243 0.274869
53.489447 -1010.309875 612.275818 -50.963432 -0.065989 0.009877 0.959280 0.274462
53.593068 -1012.507996 613.625061 -51.274437 -0.067179 0.009710 0.959293 0.274135
53.696707 -1014.701172 614.976807 -51.586956 -0.067688 0.009027 0.959330 0.273903
53.800376 -1016.902344 616.333679 -51.901199 -0.067066 0.008166 0.959469 0.273596
53.904051 -1019.099915 617.686157 -52.225613 -0.066393 0.007715 0.959547 0.273498
54.007720 -1021.302429 619.036072 -52.545727 -0.066328 0.008230 0.959591 0.273345
54.111388 -1023.495483 620.379028 -52.856098 -0.066670 0.008692 0.959681 0.272933
54.215071 -1025.697266 621.730713 -53.171146 -0.066359 0.008995 0.959733 0.272816
54.318741 -1027.904419 623.078186 -53.487080 -0.066201 0.009876 0.959752 0.272756
54.422394 -1030.086792 624.420044 -53.797016 -0.066419 0.010885 0.959813 0.272451
54.526061 -1032.283936 625.773254 -54.106560 -0.066065 0.011819 0.959857 0.272341
54.629741 -1034.469482 627.105042 -54.416313 -0.066057 0.012349 0.959945 0.272011
54.733409 -1036.660156 628.445007 -54.724384 -0.066784 0.011934 0.960033 0.271540
54.837050 -1038.842163 629.763428 -55.027836 -0.067352 0.010154 0.960128 0.271138
54.940672 -1041.046021 631.086365 -55.351879 -0.068140 0.007837 0.960208 0.270733
55.044292 -1043.227173 632.407593 -55.666542 -0.068052 0.006088 0.960368 0.270231
55.147938 -1045.401855 633.718262 -55.985546 -0.067396 0.005171 0.960564 0.269718
55.251606 -1047.593750 635.048584 -56.305096 -0.066979 0.005670 0.960756 0.269126
55.355276 -1049.778931 636.371033 -56.621284 -0.067535 0.006869 0.960881 0.268513
55.458946 -1051.953491 637.685608 -56.934315 -0.068195 0.007851 0.961051 0.267709
55.562613 -1054.122070 638.992371 -57.253197 -0.068358 0.008434 0.961223 0.267031
55.666283 -1056.320312 640.300781 -57.567204 -0.067611 0.008082 0.961449 0.266421
55.769950 -1058.496338 641.583618 -57.876911 -0.066730 0.007625 0.961645 0.265945
55.873596 -1060.677856 642.885925 -58.196194 -0.066600 0.007928 0.961767 0.265528
55.977219 -1062.862183 644.188721 -58.510029 -0.067627 0.009365 0.961827 0.265006
56.080841 -1065.062256 645.495850 -58.829418 -0.069113 0.010493 0.961847 0.264508
56.184462 -1067.248779 646.778931 -59.149082 -0.070429 0.009984 0.961883 0.264046
56.288058 -1069.442627 648.066528 -59.481243 -0.071300 0.007846 0.962003 0.263448
56.391657 -1071.639282 649.349182 -59.819607 -0.071121 0.006077 0.962094 0.263211
56.495253 -1073.829834 650.633667 -60.159130 -0.070822 0.005325 0.962207 0.262893
56.598826 -1076.006104 651.908203 -60.485973 -0.070240 0.005297 0.962353 0.262518
56.702424 -1078.180908 653.198853 -60.810452 -0.069565 0.005851 0.962433 0.262391
56.806049 -1080.369385 654.471741 -61.136257 -0.069130 0.006720 0.962425 0.262514
56.909693 -1082.550903 655.758362 -61.458042 -0.068675 0.008278 0.962480 0.262388
57.013332 -1084.733398 657.032349 -61.773033 -0.069480 0.009030 0.962445 0.262279
57.116924 -1086.913818 658.312500 -62.098740 -0.070680 0.009085 0.962460 0.261903
57.220514 -1089.095215 659.575562 -62.439640 -0.070307 0.009324 0.962553 0.261651
57.324117 -1091.278198 660.852966 -62.774921 -0.068831 0.009841 0.962799 0.261119
57.427711 -1093.462402 662.125977 -63.098129 -0.066961 0.011258 0.963045 0.260642
57.531330 -1095.656372 663.396729 -63.409580 -0.066818 0.011684 0.963262 0.259856
57.634958 -1097.854004 664.672119 -63.727665 -0.067456 0.012666 0.963314 0.259453
57.738583 -1100.048218 665.938171 -64.039368 -0.067722 0.012190 0.963443 0.258925
57.842207 -1102.229492 667.191284 -64.370987 -0.070153 0.011277 0.963436 0.258345
57.945852 -1104.405884 668.444702 -64.714462 -0.072157 0.011821 0.963398 0.257909
58.049521 -1106.606079 669.700134 -65.070656 -0.072578 0.012726 0.963480 0.257442
58.153169 -1108.783936 670.954346 -65.419464 -0.071340 0.013169 0.963765 0.256698
58.256791 -1110.964966 672.205627 -65.753372 -0.070216 0.012765 0.964012 0.256101
58.360411 -1113.142334 673.437317 -66.081184 -0.070337 0.012327 0.964172 0.255487
58.464030 -1115.353760 674.686707 -66.418716 -0.070801 0.012430 0.964268 0.254989
58.567674 -1117.535400 675.918030 -66.759140 -0.071310 0.012642 0.964383 0.254401
58.671365 -1119.729248 677.160645 -67.092781 -0.072111 0.012905 0.964499 0.253723
58.775058 -1121.931763 678.396545 -67.435486 -0.072735 0.012868 0.964606 0.253138
58.878753 -1124.139893 679.621948 -67.787529 -0.072512 0.012997 0.964748 0.252654
58.982472 -1126.330444 680.853882 -68.131042 -0.072099 0.012910 0.964933 0.252070
59.086161 -1128.533081 682.068054 -68.470840 -0.072018 0.012555 0.965089 0.251515
59.189856 -1130.735474 683.294373 -68.818756 -0.072450 0.012358 0.965210 0.250933
59.293577 -1132.955078 684.518005 -69.173996 -0.072475 0.012626 0.965354 0.250359
59.397268 -1135.171021 685.739990 -69.516541 -0.071832 0.012740 0.965546 0.249797
59.500960 -1137.388550 686.963257 -69.859016 -0.071345 0.012458 0.965746 0.249177
59.604653 -1139.610718 688.176025 -70.203491 -0.071248 0.012203 0.965919 0.248545
59.708348 -1141.835571 689.394043 -70.543091 -0.070859 0.012193 0.966105 0.247933
59.812064 -1144.075806 690.607117 -70.886719 -0.070688 0.012234 0.966266 0.247354
59.915784 -1146.309204 691.817566 -71.227646 -0.070871 0.012568 0.966365 0.246896
60.019477 -1148.557007 693.035461 -71.565117 -0.071180 0.012634 0.966447 0.246484
60.123143 -1150.788574 694.235596 -71.903572 -0.071488 0.012515 0.966574 0.245901
60.226800 -1153.023071 695.435913 -72.249512 -0.072044 0.012244 0.966593 0.245677
60.330458 -1155.272217 696.644531 -72.596603 -0.072226 0.011630 0.966668 0.245360
60.434103 -1157.526978 697.845520 -72.946083 -0.072286 0.011074 0.966659 0.245401
60.537773 -1159.763428 699.051514 -73.302795 -0.072668 0.011123 0.966611 0.245476
60.641474 -1162.010376 700.260986 -73.655487 -0.072912 0.011485 0.966590 0.245471
60.745155 -1164.265747 701.463013 -74.000816 -0.072562 0.011706 0.966620 0.245443
60.848802 -1166.497925 702.664856 -74.357224 -0.072976 0.012123 0.966566 0.245516
60.952449 -1168.745850 703.880737 -74.711594 -0.072861 0.012707 0.966556 0.245558
61.056118 -1171.010742 705.097046 -75.059746 -0.071924 0.012843 0.966610 0.245616
61.159762 -1173.276611 706.317688 -75.416962 -0.072138 0.012830 0.966573 0.245698
61.263383 -1175.531738 707.531250 -75.779755 -0.073295 0.013060 0.966504 0.245618
61.367002 -1177.807129 708.760925 -76.140480 -0.073444 0.013258 0.966489 0.245618
61.470621 -1180.062256 709.974060 -76.508408 -0.072557 0.013557 0.966645 0.245251
61.574243 -1182.337402 711.196777 -76.862137 -0.071490 0.013797 0.966793 0.244971
61.677890 -1184.611816 712.412476 -77.217819 -0.071788 0.014000 0.966864 0.244589
61.781549 -1186.900757 713.625488 -77.578690 -0.072960 0.014412 0.966852 0.244265
61.885203 -1189.182617 714.847900 -77.945213 -0.074470 0.014807 0.966788 0.244040
61.988848 -1191.485962 716.069153 -78.321808 -0.075593 0.015046 0.966744 0.243854
62.092460 -1193.780273 717.292603 -78.696976 -0.075785 0.014613 0.966796 0.243617
62.196075 -1196.063354 718.509766 -79.080521 -0.075451 0.014126 0.966891 0.243371
62.299697 -1198.362061 719.732178 -79.459328 -0.075064 0.013993 0.966982 0.243135
62.403314 -1200.677979 720.964111 -79.846535 -0.075089 0.014189 0.967103 0.242634
62.506928 -1202.981812 722.186768 -80.216934 -0.074941 0.014378 0.967242 0.242116
62.610526 -1205.292725 723.406067 -80.589966 -0.074402 0.014455 0.967405 0.241624
62.714105 -1207.603027 724.633423 -80.963821 -0.073685 0.014557 0.967593 0.241084
62.817678 -1209.918701 725.851135 -81.334938 -0.073856 0.014723 0.967710 0.240552
62.921274 -1212.243774 727.070068 -81.709541 -0.074273 0.015109 0.967807 0.240011
63.024895 -1214.563232 728.290955 -82.087105 -0.074492 0.015466 0.967903 0.239531
63.128492 -1216.894531 729.505859 -82.463974 -0.075010 0.015513 0.968005 0.238955
63.232084 -1219.220459 730.716125 -82.844536 -0.075487 0.015508 0.968082 0.238493
63.335682 -1221.555908 731.931274 -83.223999 -0.075526 0.015557 0.968213 0.237945
63.439284 -1223.896118 733.141357 -83.611099 -0.075510 0.016071 0.968349 0.237362
63.542856 -1226.232666 734.352356 -83.992996 -0.075148 0.016313 0.968604 0.236417
63.646404 -1228.583130 735.558655 -84.372482 -0.074593 0.016162 0.968892 0.235419
63.749978 -1230.935181 736.758179 -84.754562 -0.073905 0.016044 0.969177 0.234471
63.853576 -1233.294678 737.955017 -85.131317 -0.073174 0.016116 0.969439 0.233609
63.957172 -1235.649170 739.154724 -85.506744 -0.072944 0.016064 0.969646 0.232825
64.060744 -1238.011475 740.349670 -85.882545 -0.073472 0.016209 0.969790 0.232050
64.164317 -1240.376465 741.528015 -86.251038 -0.073968 0.015870 0.969931 0.231325
64.267915 -1242.752197 742.716370 -86.632233 -0.073584 0.015322 0.970071 0.230894
64.371512 -1245.135498 743.903870 -87.010979 -0.072959 0.014652 0.970213 0.230542
64.475109 -1247.509399 745.081726 -87.390381 -0.072367 0.014575 0.970381 0.230026
64.578708 -1249.902832 746.270447 -87.765396 -0.072036 0.014760 0.970481 0.229694
64.682306 -1252.293457 747.457214 -88.139877 -0.072180 0.015129 0.970554 0.229316
64.785923 -1254.690674 748.645508 -88.512604 -0.072502 0.015398 0.970597 0.229015
64.889532 -1257.091919 749.828552 -88.886841 -0.072875 0.015260 0.970691 0.228506
64.993147 -1259.489990 751.010986 -89.261696 -0.073486 0.015145 0.970742 0.228101
65.096800 -1261.907959 752.193970 -89.643677 -0.074111 0.015037 0.970796 0.227678
65.200452 -1264.334595 753.379272 -90.036270 -0.074731 0.015130 0.970856 0.227213
65.304079 -1266.755737 754.564819 -90.434258 -0.075480 0.015731 0.970879 0.226825
65.407730 -1269.184082 755.752747 -90.825836 -0.075362 0.016174 0.970957 0.226499
65.511396 -1271.603271 756.930115 -91.213303 -0.074010 0.015678 0.971191 0.225974
65.615079 -1274.031006 758.102417 -91.599625 -0.071647 0.014967 0.971480 0.225544
65.718773 -1276.460815 759.281311 -91.972076 -0.068903 0.014396 0.971799 0.225058
65.822450 -1278.906006 760.460693 -92.343117 -0.068137 0.014374 0.971949 0.224647
65.926142 -1281.344482 761.635498 -92.705849 -0.069055 0.014810 0.972012 0.224062
66.133553 -1286.258301 763.989624 -93.451042 -0.071504 0.015095 0.971984 0.223398
66.237247 -1288.715332 765.171021 -93.828285 -0.072368 0.015226 0.971992 0.223076
66.340939 -1291.174072 766.342041 -94.214188 -0.072867 0.015465 0.972026 0.222747
66.444615 -1293.628174 767.510681 -94.594421 -0.072795 0.015614 0.972123 0.222339
66.548289 -1296.086792 768.679260 -94.973343 -0.072585 0.015566 0.972211 0.222026
66.651902 -1298.552490 769.850891 -95.358971 -0.072216 0.015311 0.972304 0.221753
66.755495 -1301.018921 771.019775 -95.735512 -0.071433 0.015308 0.972430 0.221454
66.859116 -1303.472656 772.180908 -96.108803 -0.070966 0.015369 0.972561 0.221028
66.962712 -1305.930054 773.353821 -96.483795 -0.071426 0.015427 0.972599 0.220707
67.066283 -1308.407227 774.520752 -96.854759 -0.071842 0.015470 0.972626 0.220448
67.169879 -1310.860352 775.673950 -97.229431 -0.071804 0.015472 0.972708 0.220099
67.273503 -1313.334595 776.838745 -97.609749 -0.071845 0.015631 0.972788 0.219719
67.377126 -1315.781128 777.989807 -97.981071 -0.071468 0.015818 0.972898 0.219345
67.480724 -1318.246582 779.137329 -98.353249 -0.070678 0.015805 0.973052 0.218914
67.584317 -1320.716797 780.294067 -98.721924 -0.070146 0.015957 0.973154 0.218624
67.687938 -1323.172729 781.436279 -99.088913 -0.070002 0.015962 0.973244 0.218268
67.791539 -1325.638550 782.585693 -99.451309 -0.070307 0.015797 0.973299 0.217938
67.895126 -1328.127686 783.744385 -99.832405 -0.071045 0.016172 0.973291 0.217705
67.998675 -1330.600220 784.893982 -100.203735 -0.070982 0.016921 0.973350 0.217405
68.102210 -1333.069580 786.039001 -100.569527 -0.070606 0.017082 0.973463 0.217010
68.205784 -1335.538452 787.184509 -100.939919 -0.070614 0.016611 0.973551 0.216649
68.309356 -1338.030762 788.322021 -101.316673 -0.070780 0.016321 0.973614 0.216332
68.412927 -1340.505859 789.461365 -101.682175 -0.070275 0.016302 0.973713 0.216053
68.516501 -1342.968872 790.587830 -102.046349 -0.069035 0.015755 0.973880 0.215741
68.620096 -1345.434448 791.721497 -102.408058 -0.068452 0.015483 0.974003 0.215390
68.723692 -1347.899780 792.854919 -102.772598 -0.068781 0.015708 0.974045 0.215076
68.827268 -1350.376709 793.990662 -103.130508 -0.069460 0.016174 0.974054 0.214787
68.930839 -1352.847656 795.124451 -103.495865 -0.069837 0.016484 0.974099 0.214434
69.034386 -1355.319336 796.252319 -103.857224 -0.069473 0.016558 0.974183 0.214164
69.137962 -1357.810425 797.375183 -104.223526 -0.068812 0.016006 0.974289 0.213939
69.345208 -1362.732788 799.614685 -104.940147 -0.068182 0.015662 0.974561 0.212923
69.448827 -1365.216797 800.745972 -105.299652 -0.068187 0.015778 0.974670 0.212414
69.552451 -1367.703003 801.871460 -105.649780 -0.068637 0.016097 0.974706 0.212078
69.656074 -1370.177612 802.987610 -106.006577 -0.069037 0.016422 0.974799 0.211496
69.759668 -1372.655151 804.109558 -106.363655 -0.069253 0.016249 0.974867 0.211125
69.863240 -1375.126343 805.227417 -106.723701 -0.069326 0.016199 0.974954 0.210702
69.966837 -1377.600098 806.327881 -107.075027 -0.068991 0.016152 0.975058 0.210338
70.070457 -1380.065552 807.432068 -107.429367 -0.068969 0.015995 0.975140 0.209975
70.174081 -1382.530151 808.529663 -107.789627 -0.068926 0.016276 0.975249 0.209459
70.277735 -1384.986816 809.625793 -108.144455 -0.068949 0.016295 0.975346 0.208999
70.381402 -1387.450073 810.720825 -108.499390 -0.068482 0.016406 0.975441 0.208698
70.485061 -1389.928223 811.819336 -108.858749 -0.067896 0.016765 0.975599 0.208123
70.588731 -1392.404297 812.913330 -109.208862 -0.067547 0.016948 0.975756 0.207487
70.692399 -1394.859497 814.000305 -109.557938 -0.067121 0.016912 0.975919 0.206860
70.796068 -1397.325806 815.092346 -109.905472 -0.066651 0.016704 0.976082 0.206256
70.899737 -1399.795532 816.162537 -110.247604 -0.065832 0.016444 0.976264 0.205681
71.003406 -1402.274292 817.239197 -110.595436 -0.065847 0.016065 0.976380 0.205153
71.107078 -1404.744507 818.315613 -110.938690 -0.066079 0.015713 0.976457 0.204739
71.210748 -1407.217773 819.377808 -111.282364 -0.066414 0.015632 0.976558 0.204157
71.314415 -1409.692261 820.445557 -111.626938 -0.066354 0.015784 0.976672 0.203618
71.418108 -1412.164917 821.512085 -111.969421 -0.066625 0.015922 0.976796 0.202922
71.625551 -1417.089600 823.625916 -112.661018 -0.066598 0.016367 0.977065 0.201595
71.729244 -1419.554077 824.679077 -113.001541 -0.066655 0.016908 0.977172 0.201015
71.832929 -1422.035767 825.734619 -113.344482 -0.066577 0.017225 0.977250 0.200630
71.936611 -1424.500122 826.784363 -113.682480 -0.065995 0.017461 0.977397 0.200085
72.040305 -1426.963013 827.822754 -114.023376 -0.065611 0.017447 0.977535 0.199538
72.247678 -1431.881470 829.883545 -114.690216 -0.064595 0.017713 0.977800 0.198545
72.351368 -1434.344604 830.907166 -115.022682 -0.064486 0.017990 0.977892 0.198103
72.455037 -1436.803589 831.927002 -115.351913 -0.064713 0.017787 0.977998 0.197523
72.558686 -1439.276855 832.954712 -115.692978 -0.064760 0.017655 0.978049 0.197270
72.662355 -1441.740601 833.981628 -116.027588 -0.064552 0.017483 0.978146 0.196867
72.766043 -1444.203125 834.992310 -116.360352 -0.063761 0.017346 0.978279 0.196477
72.973457 -1449.124023 837.003784 -117.018364 -0.062946 0.017060 0.978497 0.195679
73.077131 -1451.604492 838.024292 -117.339127 -0.063163 0.017131 0.978560 0.195288
73.180801 -1454.054932 839.028931 -117.663620 -0.063678 0.017088 0.978642 0.194710
73.284443 -1456.519531 840.033447 -117.987762 -0.063693 0.016923 0.978710 0.194380
73.388086 -1458.977295 841.032654 -118.315567 -0.063454 0.017048 0.978801 0.193986
73.491746 -1461.445679 842.033142 -118.638016 -0.063621 0.017161 0.978896 0.193442
73.595415 -1463.908569 843.031067 -118.961807 -0.063608 0.016956 0.979000 0.192938
73.802766 -1468.819336 845.001892 -119.608780 -0.064002 0.017003 0.979136 0.192111
73.906436 -1471.275024 845.988708 -119.936638 -0.064467 0.017071 0.979189 0.191682
74.010076 -1473.716797 846.972839 -120.262604 -0.064742 0.017412 0.979292 0.191029
74.113746 -1476.155151 847.950378 -120.587418 -0.065209 0.017689 0.979328 0.190660
74.217444 -1478.597534 848.919495 -120.913498 -0.065183 0.018065 0.979412 0.190200
74.321089 -1481.041138 849.883484 -121.234909 -0.065240 0.017929 0.979509 0.189693
74.424729 -1483.479980 850.852295 -121.557190 -0.065206 0.017880 0.979577 0.189358
74.528401 -1485.901245 851.810974 -121.884781 -0.064884 0.017786 0.979694 0.188872
74.632072 -1488.318604 852.760742 -122.207474 -0.064817 0.017714 0.979802 0.188340
74.735738 -1490.750366 853.709900 -122.526253 -0.064814 0.017714 0.979894 0.187862
74.839407 -1493.159180 854.650696 -122.846817 -0.064989 0.017666 0.979935 0.187593
74.943052 -1495.573608 855.592712 -123.161552 -0.065349 0.017636 0.979982 0.187228
75.046696 -1497.979858 856.527283 -123.483459 -0.065725 0.017294 0.979995 0.187059
75.150389 -1500.378418 857.458618 -123.806854 -0.066372 0.017264 0.979973 0.186947
75.254082 -1502.775757 858.399780 -124.131546 -0.066795 0.017531 0.979943 0.186928
75.357775 -1505.176514 859.330261 -124.460823 -0.067246 0.017662 0.979943 0.186758
75.461498 -1507.565796 860.248657 -124.783051 -0.067370 0.017550 0.979990 0.186474
75.565190 -1509.947998 861.183105 -125.112503 -0.067288 0.017141 0.980042 0.186269
75.668854 -1512.330322 862.110535 -125.436958 -0.067444 0.016953 0.980082 0.186017
75.772476 -1514.701904 863.028137 -125.774109 -0.068018 0.017125 0.980054 0.185940
75.979696 -1519.435669 864.868408 -126.422218 -0.067009 0.017472 0.980294 0.185009
76.083291 -1521.799316 865.779419 -126.749008 -0.067068 0.017661 0.980379 0.184518
76.186864 -1524.159058 866.683228 -127.076653 -0.067914 0.018126 0.980413 0.183980
76.290437 -1526.504150 867.590088 -127.405609 -0.068663 0.018776 0.980439 0.183501
76.394009 -1528.861816 868.501099 -127.731842 -0.068272 0.018988 0.980536 0.183106
76.497585 -1531.200562 869.405151 -128.062256 -0.067769 0.019007 0.980655 0.182654
76.601157 -1533.542969 870.298157 -128.389999 -0.067608 0.018908 0.980762 0.182149
76.704753 -1535.893188 871.188293 -128.714233 -0.068152 0.018677 0.980825 0.181628
76.808351 -1538.241455 872.069092 -129.045898 -0.068927 0.018995 0.980840 0.181221
76.911949 -1540.584473 872.951416 -129.376587 -0.069605 0.019057 0.980897 0.180646
77.015546 -1542.900635 873.826904 -129.710373 -0.070092 0.019110 0.980940 0.180217
77.119142 -1545.246826 874.705017 -130.047089 -0.069812 0.019200 0.981024 0.179858
77.222761 -1547.570801 875.569885 -130.376770 -0.068369 0.019198 0.981222 0.179333
77.326383 -1549.904297 876.444946 -130.701828 -0.067626 0.019021 0.981336 0.179012
77.430005 -1552.223511 877.304199 -131.020996 -0.068196 0.018972 0.981386 0.178523
77.533627 -1554.549561 878.164551 -131.349030 -0.069779 0.018870 0.981384 0.177931
77.740894 -1559.179932 879.868652 -132.026703 -0.071808 0.019400 0.981382 0.177075
77.844539 -1561.493164 880.711548 -132.365799 -0.070881 0.019080 0.981527 0.176679
77.948184 -1563.797485 881.546143 -132.700165 -0.070184 0.018952 0.981685 0.176094
78.051830 -1566.093262 882.391357 -133.029907 -0.069945 0.019433 0.981756 0.175740
78.155482 -1568.403809 883.230774 -133.356033 -0.070369 0.019726 0.981785 0.175378
78.259151 -1570.691040 884.057068 -133.676193 -0.071120 0.019306 0.981812 0.174970
78.362791 -1572.969971 884.880005 -134.008255 -0.071795 0.018972 0.981787 0.174873
78.466432 -1575.249023 885.707520 -134.337479 -0.072415 0.018572 0.981747 0.174883
78.570075 -1577.530273 886.530396 -134.677246 -0.073037 0.018389 0.981654 0.175167
78.673718 -1579.806396 887.354919 -135.015839 -0.073300 0.018613 0.981556 0.175581
78.777362 -1582.089478 888.182312 -135.353195 -0.073003 0.018705 0.981547 0.175743
78.880987 -1584.353149 889.004700 -135.684692 -0.072824 0.018348 0.981512 0.176051
78.984606 -1586.620117 889.835449 -136.024628 -0.072866 0.018100 0.981464 0.176329
79.088275 -1588.862915 890.650696 -136.356445 -0.073013 0.017905 0.981421 0.176526
79.191923 -1591.127319 891.473694 -136.699890 -0.073501 0.017936 0.981364 0.176635
79.295546 -1593.369629 892.298218 -137.038620 -0.073477 0.018458 0.981296 0.176967
79.399189 -1595.619141 893.117126 -137.375183 -0.073209 0.018347 0.981295 0.177097
79.502833 -1597.857544 893.935425 -137.715515 -0.073018 0.018436 0.981245 0.177443
79.606479 -1600.111084 894.766052 -138.052872 -0.073103 0.018727 0.981181 0.177734
79.710125 -1602.352417 895.596313 -138.383621 -0.073402 0.018662 0.981058 0.178292
79.813769 -1604.589355 896.413635 -138.715897 -0.074015 0.018187 0.980872 0.179111
79.917413 -1606.819580 897.241394 -139.055603 -0.074653 0.017817 0.980633 0.180187
80.021059 -1609.048828 898.067749 -139.394440 -0.075281 0.017427 0.980397 0.181249
80.124714 -1611.259399 898.891479 -139.737122 -0.075809 0.017206 0.980139 0.182440
80.228360 -1613.473877 899.735229 -140.079025 -0.076048 0.017437 0.979890 0.183653
80.331997 -1615.676880 900.566650 -140.417419 -0.076152 0.017154 0.979656 0.184882
80.435664 -1617.879761 901.419800 -140.759674 -0.076220 0.016776 0.979423 0.186118
80.539358 -1620.072632 902.266785 -141.098495 -0.076219 0.016350 0.979175 0.187455
80.643052 -1622.259888 903.122131 -141.439362 -0.076363 0.015721 0.978871 0.189030
80.746721 -1624.448608 903.978088 -141.782410 -0.076823 0.015723 0.978546 0.190523
80.850397 -1626.618408 904.844727 -142.123581 -0.077455 0.016134 0.978243 0.191785
80.954066 -1628.778809 905.714294 -142.466400 -0.078149 0.016440 0.978023 0.192595
81.057728 -1630.934692 906.579834 -142.811081 -0.078344 0.016476 0.977818 0.193555
81.161397 -1633.079834 907.447571 -143.149841 -0.078435 0.016128 0.977654 0.194374
81.265063 -1635.241821 908.320923 -143.503433 -0.078743 0.015821 0.977425 0.195421
81.368708 -1637.379639 909.205383 -143.852661 -0.078968 0.016081 0.977242 0.196223
81.472332 -1639.515381 910.086975 -144.199493 -0.078938 0.016418 0.977122 0.196801
81.575929 -1641.644287 910.966736 -144.548828 -0.078854 0.017281 0.977034 0.197198
81.679504 -1643.764282 911.847900 -144.883087 -0.078413 0.017777 0.977018 0.197412
81.783080 -1645.883423 912.721375 -145.220490 -0.077761 0.017474 0.977023 0.197673
81.886679 -1647.985107 913.597351 -145.556427 -0.077522 0.016790 0.977001 0.197933
81.990300 -1650.086792 914.463562 -145.892685 -0.077491 0.016489 0.976965 0.198145
82.093936 -1652.181152 915.347107 -146.228622 -0.077291 0.016634 0.976937 0.198353
82.197601 -1654.270264 916.219238 -146.558670 -0.076984 0.016741 0.976924 0.198525
82.301277 -1656.372559 917.091614 -146.889709 -0.077631 0.016629 0.976864 0.198577
82.404922 -1658.431030 917.962402 -147.225784 -0.077880 0.016897 0.976834 0.198607
82.508568 -1660.510498 918.833496 -147.552673 -0.077885 0.016701 0.976895 0.198321
82.612216 -1662.586792 919.700073 -147.886917 -0.078369 0.016522 0.976940 0.197922
82.715863 -1664.644287 920.558899 -148.223755 -0.078973 0.016496 0.977013 0.197325
82.819529 -1666.704224 921.421509 -148.566254 -0.080057 0.017271 0.977068 0.196546
82.923190 -1668.770874 922.282532 -148.906250 -0.081901 0.018163 0.977124 0.195423
83.026854 -1670.812378 923.119873 -149.254898 -0.083068 0.018626 0.977172 0.194645
83.130550 -1672.831177 923.943726 -149.605408 -0.082940 0.018668 0.977356 0.193771
83.234245 -1674.868408 924.774597 -149.944534 -0.081323 0.018170 0.977723 0.192652
83.337892 -1676.893555 925.599792 -150.283417 -0.078331 0.018464 0.978227 0.191300
83.441549 -1678.932617 926.418152 -150.621902 -0.077095 0.019118 0.978625 0.189696
83.545220 -1680.970825 927.237549 -150.956848 -0.078356 0.020453 0.978833 0.187959
83.648902 -1683.010498 928.024658 -151.285492 -0.079391 0.021037 0.979016 0.186497
83.752617 -1685.031128 928.820129 -151.621750 -0.080976 0.020755 0.979196 0.184897
83.856340 -1687.069946 929.593201 -151.967239 -0.082181 0.020759 0.979313 0.183744
83.960057 -1689.093384 930.370911 -152.318848 -0.081953 0.021188 0.979510 0.182740
84.063751 -1691.107788 931.141968 -152.665405 -0.081641 0.022044 0.979692 0.181802
84.167421 -1693.144897 931.906311 -153.003326 -0.082598 0.022405 0.979778 0.180859
84.271089 -1695.166382 932.666992 -153.343231 -0.083202 0.021657 0.979910 0.179958
84.374766 -1697.194458 933.421326 -153.694092 -0.083530 0.020643 0.979979 0.179551
84.478437 -1699.210449 934.167664 -154.039505 -0.083392 0.019678 0.980057 0.179293
84.582099 -1701.219604 934.918701 -154.391617 -0.083527 0.018819 0.980142 0.178860
84.685769 -1703.219604 935.657837 -154.738419 -0.083844 0.018637 0.980140 0.178743
84.789413 -1705.260498 936.408691 -155.092255 -0.084274 0.018653 0.980144 0.178517
84.893053 -1707.262695 937.154053 -155.437027 -0.084458 0.019116 0.980129 0.178462
84.996724 -1709.289062 937.901550 -155.784180 -0.084362 0.018865 0.980159 0.178371
85.100399 -1711.273804 938.635437 -156.130630 -0.084568 0.018970 0.980160 0.178255
85.204067 -1713.259033 939.369629 -156.470856 -0.084319 0.018686 0.980189 0.178242
85.307724 -1715.263306 940.113586 -156.825302 -0.084348 0.019352 0.980193 0.178136
85.411397 -1717.269897 940.854309 -157.171188 -0.084945 0.019747 0.980196 0.177790
85.515088 -1719.267822 941.586853 -157.522644 -0.085764 0.020290 0.980154 0.177569
85.618775 -1721.258911 942.315491 -157.867813 -0.085952 0.020347 0.980192 0.177260
85.722428 -1723.235352 943.039307 -158.219299 -0.086331 0.020625 0.980242 0.176770
85.826082 -1725.234741 943.771362 -158.567902 -0.086785 0.019965 0.980312 0.176233
85.929766 -1727.220825 944.495239 -158.927567 -0.087059 0.020084 0.980388 0.175661
86.033431 -1729.194336 945.219055 -159.294800 -0.087486 0.020893 0.980429 0.175124
86.137093 -1731.171631 945.934509 -159.635605 -0.086846 0.021552 0.980638 0.174190
86.240760 -1733.157837 946.648438 -159.985809 -0.085431 0.021811 0.980906 0.173344
86.344459 -1735.131104 947.354614 -160.331451 -0.085306 0.021564 0.981093 0.172379
86.448205 -1737.143555 948.067078 -160.692764 -0.086848 0.021195 0.981133 0.171426
86.551936 -1739.115601 948.758301 -161.042801 -0.088079 0.020783 0.981195 0.170489
86.655650 -1741.083252 949.445374 -161.401627 -0.088748 0.020154 0.981305 0.169583
86.759373 -1743.062500 950.136292 -161.765335 -0.089942 0.020180 0.981327 0.168820
86.863090 -1745.017578 950.816711 -162.126526 -0.090189 0.020164 0.981415 0.168180
86.966810 -1746.984985 951.499817 -162.478317 -0.089791 0.019864 0.981590 0.167406
87.070537 -1748.959473 952.174072 -162.846863 -0.090043 0.019798 0.981704 0.166608
87.174244 -1750.901611 952.840637 -163.217316 -0.090378 0.020225 0.981760 0.166042
87.277961 -1752.851562 953.510254 -163.556900 -0.089681 0.020379 0.981886 0.165657
87.381658 -1754.803589 954.173523 -163.926941 -0.089554 0.020944 0.981956 0.165236
87.485309 -1756.730591 954.825684 -164.278061 -0.089544 0.022052 0.981952 0.165122
87.589002 -1758.656860 955.484497 -164.630051 -0.089204 0.023551 0.981947 0.165130
87.692725 -1760.577759 956.141541 -164.976547 -0.090015 0.024789 0.981845 0.165114
87.796418 -1762.474243 956.781799 -165.315155 -0.090980 0.025304 0.981695 0.165397
87.900112 -1764.349976 957.414185 -165.655777 -0.091532 0.024678 0.981630 0.165576
88.003799 -1766.235107 958.054199 -165.997711 -0.091557 0.023433 0.981635 0.165713
88.107494 -1768.108398 958.682495 -166.346283 -0.091302 0.021968 0.981643 0.166007
88.211194 -1769.971680 959.319214 -166.697266 -0.091242 0.021112 0.981624 0.166264
88.314897 -1771.841309 959.953430 -167.051865 -0.091599 0.020662 0.981559 0.166505
88.418621 -1773.697144 960.585938 -167.396042 -0.092396 0.020763 0.981411 0.166924
88.522351 -1775.548706 961.213318 -167.743896 -0.093252 0.020216 0.981293 0.167208
88.626109 -1777.390381 961.842773 -168.087723 -0.093934 0.019664 0.981169 0.167621
88.729852 -1779.223999 962.470337 -168.444489 -0.094865 0.019243 0.980953 0.168411
88.833569 -1781.053467 963.111084 -168.799026 -0.095473 0.019451 0.980787 0.169008
88.937261 -1782.859863 963.745667 -169.153442 -0.095559 0.020417 0.980670 0.169522
89.040929 -1784.663574 964.370667 -169.506821 -0.095980 0.021894 0.980516 0.169989
89.144570 -1786.449219 965.008179 -169.859680 -0.096459 0.023742 0.980315 0.170627
89.248212 -1788.224487 965.649109 -170.205444 -0.096159 0.025464 0.980156 0.171464
89.351857 -1789.975586 966.265808 -170.545258 -0.095499 0.026988 0.980074 0.172063
89.455506 -1791.701538 966.880981 -170.885559 -0.095200 0.028535 0.979941 0.172738
89.559175 -1793.414795 967.499512 -171.220978 -0.095055 0.030195 0.979750 0.173616
89.662866 -1795.127319 968.118103 -171.553894 -0.094527 0.031721 0.979625 0.174339
89.766582 -1796.827026 968.728455 -171.883667 -0.094203 0.032833 0.979457 0.175249
89.870300 -1798.495850 969.348816 -172.210327 -0.094038 0.033923 0.979238 0.176348
89.974018 -1800.171509 969.952881 -172.542068 -0.094032 0.035131 0.978997 0.177448
90.077737 -1801.812988 970.563049 -172.865112 -0.094123 0.036761 0.978703 0.178690
90.181429 -1803.437622 971.180725 -173.186157 -0.093881 0.038357 0.978441 0.179912
90.285122 -1805.042847 971.781128 -173.498596 -0.093878 0.039792 0.978129 0.181294
90.388843 -1806.640747 972.380737 -173.807953 -0.093706 0.040256 0.977811 0.182987
90.492534 -1808.199829 972.981262 -174.113937 -0.093977 0.040394 0.977294 0.185562
90.596221 -1809.743530 973.578125 -174.425812 -0.094568 0.040822 0.976648 0.188542
90.699938 -1811.266968 974.181641 -174.728760 -0.094815 0.041138 0.975934 0.192014
90.803632 -1812.774048 974.796448 -175.031540 -0.095015 0.041049 0.975161 0.195827
90.907327 -1814.246948 975.418762 -175.329147 -0.095122 0.040160 0.974304 0.200175
91.011046 -1815.711548 976.029968 -175.629761 -0.094975 0.039135 0.973184 0.205817
91.114763 -1817.150635 976.671997 -175.931610 -0.094840 0.038263 0.971834 0.212322
91.218501 -1818.578125 977.319885 -176.227081 -0.094792 0.038101 0.970224 0.219608
91.322219 -1819.963989 977.989746 -176.525177 -0.094715 0.038534 0.968442 0.227297
91.425914 -1821.340210 978.696472 -176.819199 -0.094909 0.039300 0.966476 0.235311
91.529629 -1822.706421 979.396912 -177.107803 -0.094994 0.039807 0.964412 0.243519
91.633346 -1824.044067 980.121521 -177.399292 -0.095116 0.040180 0.962128 0.252285
91.737061 -1825.369019 980.868042 -177.687378 -0.095344 0.040008 0.959777 0.261031
91.840778 -1826.666626 981.637268 -177.987549 -0.094680 0.039684 0.957273 0.270350
91.944497 -1827.941406 982.423828 -178.263031 -0.094565 0.039116 0.954577 0.279839
92.048237 -1829.190430 983.245117 -178.562546 -0.095519 0.039097 0.951482 0.289878
92.151980 -1830.426636 984.087280 -178.853882 -0.096345 0.039250 0.948168 0.300257
92.255721 -1831.637329 984.952942 -179.144669 -0.096610 0.038789 0.944705 0.310956
92.359462 -1832.834595 985.832642 -179.439941 -0.097041 0.037636 0.941078 0.321774
92.463178 -1834.000244 986.742981 -179.733856 -0.096815 0.036242 0.937273 0.332915
92.566895 -1835.146118 987.680908 -180.019928 -0.096737 0.034826 0.933210 0.344308
92.670613 -1836.263550 988.650024 -180.308731 -0.097238 0.033805 0.928694 0.356270
92.774354 -1837.346680 989.644409 -180.591446 -0.098009 0.033474 0.924002 0.368094
92.878094 -1838.416260 990.674744 -180.880325 -0.099604 0.033115 0.918922 0.380216
92.981811 -1839.456177 991.715393 -181.184036 -0.100792 0.032589 0.913806 0.392093
93.085529 -1840.454712 992.790222 -181.474045 -0.100160 0.032325 0.908508 0.404396
93.189248 -1841.421143 993.887939 -181.761902 -0.098939 0.030638 0.903266 0.416392
93.292969 -1842.368164 995.018433 -182.048508 -0.098299 0.029632 0.897756 0.428362
93.396662 -1843.279541 996.164307 -182.331100 -0.097890 0.028522 0.892077 0.440230
93.500352 -1844.153809 997.341675 -182.607574 -0.097948 0.027695 0.885905 0.452560
93.604067 -1845.001831 998.540100 -182.886322 -0.098538 0.027045 0.879561 0.464685
93.707782 -1845.805786 999.757385 -183.164520 -0.098547 0.026195 0.872899 0.477127
93.811475 -1846.580444 1000.996521 -183.437897 -0.097974 0.024902 0.866005 0.489711
93.915147 -1847.318237 1002.257874 -183.707733 -0.096978 0.023754 0.859008 0.502132
94.018841 -1848.024658 1003.545776 -183.962753 -0.096792 0.022950 0.851724 0.514462
94.122534 -1848.692871 1004.856445 -184.228195 -0.097264 0.022306 0.844307 0.526486
94.226204 -1849.323242 1006.178406 -184.482529 -0.098006 0.021210 0.836592 0.538571
94.433539 -1850.454346 1008.869995 -184.989822 -0.097721 0.017879 0.821133 0.562024
94.537208 -1850.971680 1010.232361 -185.240921 -0.097576 0.016498 0.813369 0.573269
94.640876 -1851.448242 1011.625977 -185.491623 -0.097483 0.016123 0.805414 0.584418
94.744571 -1851.881470 1013.020996 -185.731308 -0.097265 0.015196 0.797414 0.595348
94.848289 -1852.267944 1014.435852 -185.963562 -0.096763 0.014541 0.789348 0.606098
94.952006 -1852.626465 1015.866760 -186.198944 -0.096669 0.013755 0.781076 0.616754
95.159461 -1853.227295 1018.742676 -186.653427 -0.095380 0.011133 0.764169 0.637828
95.263131 -1853.473267 1020.193420 -186.873581 -0.094995 0.010070 0.755781 0.647819
95.366799 -1853.673828 1021.649109 -187.090302 -0.094239 0.009142 0.747406 0.657586
95.470490 -1853.839966 1023.109619 -187.290405 -0.093927 0.008424 0.739066 0.666999
95.574186 -1853.973145 1024.582031 -187.498413 -0.093910 0.007898 0.730608 0.676262
95.677881 -1854.067261 1026.050171 -187.696945 -0.093557 0.006919 0.721933 0.685574
95.781572 -1854.132935 1027.534790 -187.894958 -0.092710 0.005715 0.713193 0.694786
95.885219 -1854.154541 1029.018433 -188.083160 -0.091667 0.003994 0.704283 0.703964
96.092481 -1854.079224 1031.989380 -188.439697 -0.089850 -0.000040 0.685728 0.722291
96.196154 -1853.978394 1033.470215 -188.604141 -0.089793 -0.001680 0.675957 0.731448
96.299824 -1853.845093 1034.965210 -188.766403 -0.089830 -0.002514 0.665905 0.740604
96.403492 -1853.663818 1036.461548 -188.927811 -0.090309 -0.002864 0.655614 0.749670
96.507183 -1853.453369 1037.936646 -189.074844 -0.089929 -0.003769 0.645134 0.758749
96.610872 -1853.194580 1039.421875 -189.220993 -0.088566 -0.005534 0.634528 0.767788
96.714541 -1852.894531 1040.898071 -189.361374 -0.087834 -0.007096 0.623788 0.776610
96.921956 -1852.164551 1043.831543 -189.616974 -0.086945 -0.008828 0.601792 0.793857
97.025674 -1851.738037 1045.284668 -189.733215 -0.086639 -0.009894 0.590417 0.802373
97.129391 -1851.273926 1046.742798 -189.848114 -0.085941 -0.011249 0.578743 0.810891
97.233106 -1850.768921 1048.164185 -189.959152 -0.085246 -0.012782 0.566784 0.819345
97.336823 -1850.212158 1049.579224 -190.043915 -0.084774 -0.014092 0.554583 0.827679
97.440543 -1849.620850 1050.981934 -190.138626 -0.084071 -0.015459 0.542295 0.835828
97.647978 -1848.315552 1053.733887 -190.295029 -0.082813 -0.017754 0.517235 0.851642
97.751668 -1847.597290 1055.080811 -190.348541 -0.082440 -0.018575 0.504576 0.859222
97.855360 -1846.845947 1056.403931 -190.414917 -0.081731 -0.019639 0.491724 0.866684
97.959079 -1846.063354 1057.703857 -190.453079 -0.080551 -0.020694 0.478822 0.873964
98.062771 -1845.248169 1058.974487 -190.502319 -0.079808 -0.022156 0.465880 0.880963
98.166440 -1844.383057 1060.227783 -190.529297 -0.078740 -0.023786 0.452737 0.887842
98.270134 -1843.484009 1061.453613 -190.558670 -0.078077 -0.024656 0.439472 0.894517
98.477501 -1841.586060 1063.813843 -190.578217 -0.076307 -0.026419 0.412404 0.907415
98.581169 -1840.578003 1064.953735 -190.583344 -0.075139 -0.028169 0.398743 0.913545
98.684835 -1839.540649 1066.074463 -190.570084 -0.073639 -0.029831 0.385133 0.919434
98.788505 -1838.465698 1067.153320 -190.564331 -0.072387 -0.031581 0.371719 0.924980
98.995849 -1836.220093 1069.233521 -190.504623 -0.070976 -0.033441 0.344843 0.935376
99.099496 -1835.051758 1070.231201 -190.468628 -0.070440 -0.034106 0.331570 0.940179
99.203111 -1833.841187 1071.197754 -190.416626 -0.069447 -0.035173 0.318342 0.944774
99.306732 -1832.614624 1072.136841 -190.368301 -0.068641 -0.036628 0.305382 0.949046
99.410376 -1831.343750 1073.046509 -190.310638 -0.067549 -0.037461 0.292692 0.953082
99.617715 -1828.732422 1074.767578 -190.165314 -0.064877 -0.038916 0.268234 0.960379
99.721408 -1827.387695 1075.578369 -190.088440 -0.063097 -0.040064 0.256443 0.963665
99.825102 -1826.025391 1076.360107 -189.991699 -0.062576 -0.040910 0.244798 0.966687
100.032488 -1823.229614 1077.838989 -189.807556 -0.061924 -0.041538 0.221699 0.972260
100.136182 -1821.794800 1078.521851 -189.710129 -0.060587 -0.042785 0.210826 0.974706
100.239876 -1820.335571 1079.191284 -189.599213 -0.059787 -0.043638 0.200454 0.976903
100.343519 -1818.861694 1079.828491 -189.492508 -0.058894 -0.044118 0.190646 0.978897
100.550763 -1815.844971 1081.017090 -189.249908 -0.056424 -0.044722 0.173243 0.982244
100.654405 -1814.322266 1081.574707 -189.120636 -0.054870 -0.045561 0.165618 0.983608
100.758052 -1812.777832 1082.107300 -188.984802 -0.053438 -0.046449 0.158553 0.984808
100.861649 -1811.220337 1082.629028 -188.846771 -0.052169 -0.047371 0.151731 0.985907
100.965245 -1809.644775 1083.136719 -188.697769 -0.051177 -0.047570 0.145226 0.986928
101.068865 -1808.053223 1083.618042 -188.555313 -0.050441 -0.047947 0.139249 0.987809
101.276132 -1804.848145 1084.544312 -188.243149 -0.049889 -0.048762 0.128133 0.989300
101.379801 -1803.222046 1084.983765 -188.088165 -0.049723 -0.048856 0.123015 0.989953
101.483422 -1801.582397 1085.407715 -187.940674 -0.049426 -0.048354 0.118924 0.990493
101.587019 -1799.941650 1085.816162 -187.775299 -0.048707 -0.047900 0.115809 0.990919
101.690643 -1798.284424 1086.219971 -187.618134 -0.048115 -0.047985 0.113328 0.991231
101.794288 -1796.623169 1086.628784 -187.455521 -0.048030 -0.047784 0.110782 0.991533
101.897954 -1794.984131 1087.011597 -187.295532 -0.048017 -0.047551 0.108393 0.991808
102.105292 -1791.657837 1087.772949 -186.971619 -0.048330 -0.047511 0.103960 0.992270
102.208964 -1789.986816 1088.139160 -186.803879 -0.048316 -0.047171 0.102166 0.992473
102.312630 -1788.325928 1088.500732 -186.643356 -0.048227 -0.047263 0.100836 0.992609
102.416298 -1786.665771 1088.861450 -186.478790 -0.047959 -0.047530 0.099825 0.992711
102.623660 -1783.310913 1089.577393 -186.146530 -0.047724 -0.047808 0.098084 0.992883
102.727353 -1781.642822 1089.923706 -185.984970 -0.047660 -0.047717 0.097455 0.992952
102.831023 -1779.968750 1090.269409 -185.818253 -0.047603 -0.047869 0.096888 0.993003
102.934695 -1778.303101 1090.608032 -185.651901 -0.047642 -0.047541 0.096192 0.993085
103.038388 -1776.623047 1090.946777 -185.484558 -0.047538 -0.047206 0.095615 0.993161
103.142081 -1774.934570 1091.296265 -185.323624 -0.047477 -0.046780 0.095018 0.993242
103.349425 -1771.567749 1091.969727 -184.995041 -0.047702 -0.046226 0.093893 0.993364
103.453091 -1769.883179 1092.306763 -184.828445 -0.047774 -0.046442 0.093303 0.993406
103.556759 -1768.191162 1092.644043 -184.665894 -0.047839 -0.046581 0.092681 0.993454
103.660433 -1766.508545 1092.977783 -184.502350 -0.047879 -0.046103 0.092178 0.993522
103.867721 -1763.179932 1093.639526 -184.179077 -0.048085 -0.045714 0.090881 0.993649
103.971390 -1761.528809 1093.958130 -184.014893 -0.048555 -0.046722 0.090245 0.993637
104.075063 -1759.885864 1094.274536 -183.852036 -0.048694 -0.047752 0.089639 0.993636
104.282393 -1756.598877 1094.909058 -183.523743 -0.048437 -0.048976 0.088223 0.993716
104.386086 -1754.971313 1095.217529 -183.349976 -0.048417 -0.048929 0.086992 0.993828
104.489801 -1753.344360 1095.517944 -183.182083 -0.048264 -0.048463 0.085145 0.994018
104.697285 -1750.134277 1096.092163 -182.837646 -0.048723 -0.048504 0.079507 0.994461
104.801002 -1748.551636 1096.365356 -182.673126 -0.049022 -0.048614 0.075445 0.994757
105.008463 -1745.386475 1096.853638 -182.333237 -0.048714 -0.049390 0.065810 0.995418
105.112155 -1743.819824 1097.072144 -182.163208 -0.048912 -0.049109 0.060004 0.995789
105.319540 -1740.740112 1097.440674 -181.823471 -0.048891 -0.049567 0.045565 0.996532
105.527046 -1737.708984 1097.709717 -181.482666 -0.048200 -0.051574 0.028209 0.997106
105.630810 -1736.209473 1097.796021 -181.309723 -0.047290 -0.052761 0.018601 0.997313
105.838268 -1733.235474 1097.884277 -180.945358 -0.045350 -0.054635 -0.002428 0.997473
105.942012 -1731.771484 1097.873413 -180.764877 -0.044180 -0.054748 -0.013792 0.997427
106.149540 -1728.883179 1097.760376 -180.394104 -0.042014 -0.056784 -0.039198 0.996732
106.253287 -1727.431396 1097.648560 -180.204178 -0.040784 -0.057875 -0.053131 0.996074
106.460766 -1724.576782 1097.289185 -179.816528 -0.036062 -0.060877 -0.081488 0.994159
106.564506 -1723.171265 1097.051270 -179.615417 -0.034178 -0.062040 -0.096093 0.992849
106.772170 -1720.382080 1096.457153 -179.199966 -0.029964 -0.063129 -0.126624 0.989486
106.875732 -1719.006470 1096.087036 -178.985947 -0.028400 -0.063105 -0.142880 0.987318
107.083211 -1716.307373 1095.227661 -178.569260 -0.025614 -0.064495 -0.177018 0.981758
107.186954 -1714.992432 1094.730835 -178.359375 -0.024076 -0.066463 -0.194485 0.978355
107.394354 -1712.410522 1093.590576 -177.918457 -0.020725 -0.068432 -0.228589 0.970894
107.498038 -1711.156372 1092.955200 -177.706879 -0.018602 -0.069323 -0.245705 0.966684
107.705385 -1708.722168 1091.552856 -177.250183 -0.015609 -0.069885 -0.280001 0.957325
107.809090 -1707.549561 1090.782593 -177.037231 -0.014357 -0.070141 -0.297305 0.952094
108.016509 -1705.296997 1089.140625 -176.599548 -0.011701 -0.073082 -0.331422 0.940575
108.223886 -1703.176270 1087.341553 -176.157715 -0.007902 -0.075985 -0.364359 0.928120
108.327579 -1702.181152 1086.383301 -175.936844 -0.005855 -0.077466 -0.380874 0.921357
108.534963 -1700.264893 1084.365479 -175.489426 -0.002017 -0.079665 -0.412750 0.907351
108.638633 -1699.366943 1083.307251 -175.265442 -0.000719 -0.081473 -0.428218 0.899995
108.845971 -1697.680176 1081.082642 -174.823120 0.002300 -0.084660 -0.457307 0.885267
108.949640 -1696.880005 1079.925049 -174.600052 0.004656 -0.084520 -0.470774 0.878184
109.053288 -1696.125122 1078.741333 -174.391479 0.007036 -0.085354 -0.484016 0.870858
109.260613 -1694.727173 1076.326416 -173.961960 0.010549 -0.088351 -0.509671 0.855756
109.364294 -1694.078003 1075.083008 -173.737747 0.011818 -0.089927 -0.522511 0.847794
109.467988 -1693.465942 1073.824707 -173.518784 0.012332 -0.089187 -0.535633 0.839638
109.571708 -1692.901855 1072.558960 -173.335419 0.014212 -0.087769 -0.549153 0.830978
109.779205 -1691.862793 1069.923584 -172.933182 0.014708 -0.088385 -0.577236 0.811646
109.882939 -1691.419434 1068.587158 -172.723129 0.011637 -0.091871 -0.591396 0.801046
109.986674 -1691.020630 1067.239990 -172.535065 0.011310 -0.092937 -0.604677 0.790949
110.090415 -1690.680176 1065.864990 -172.344910 0.014295 -0.091789 -0.617420 0.781129
110.297893 -1690.107178 1063.070679 -171.982147 0.022229 -0.090063 -0.642556 0.760603
110.401609 -1689.886841 1061.652344 -171.816971 0.023287 -0.091193 -0.655245 0.749530
110.505337 -1689.715942 1060.241943 -171.640884 0.023001 -0.092633 -0.667788 0.738207
110.712734 -1689.528687 1057.397217 -171.303818 0.022688 -0.094128 -0.691983 0.715391
110.816453 -1689.508911 1055.959839 -171.146301 0.022899 -0.093320 -0.704039 0.703630
111.023840 -1689.585327 1053.086792 -170.848190 0.024774 -0.090881 -0.727234 0.679895
111.127553 -1689.716797 1051.625000 -170.699234 0.024778 -0.090007 -0.738459 0.667805
111.231270 -1689.884399 1050.162354 -170.574249 0.025372 -0.089340 -0.748989 0.656042
111.334965 -1690.084351 1048.716309 -170.447754 0.026363 -0.088582 -0.758615 0.644950
111.542278 -1690.638916 1045.790405 -170.211868 0.029542 -0.087092 -0.776102 0.623865
111.645916 -1690.983765 1044.323975 -170.118179 0.031124 -0.086780 -0.783903 0.614000
111.853214 -1691.765015 1041.391602 -169.926483 0.032547 -0.087044 -0.797446 0.596192
111.956812 -1692.226318 1039.911743 -169.841263 0.033509 -0.088229 -0.803033 0.588413
112.163944 -1693.213501 1036.973633 -169.678726 0.036585 -0.088169 -0.812666 0.574858
112.267514 -1693.740234 1035.503174 -169.603912 0.038129 -0.087299 -0.816997 0.568718
112.474717 -1694.877930 1032.573364 -169.469849 0.038893 -0.087317 -0.825017 0.556965
112.578296 -1695.491577 1031.099243 -169.419632 0.039517 -0.088266 -0.828142 0.552113
112.785385 -1696.758545 1028.130737 -169.296371 0.041239 -0.087340 -0.831868 0.546503
112.888952 -1697.398682 1026.650635 -169.244080 0.041332 -0.086772 -0.833058 0.544772
113.096189 -1698.704590 1023.657471 -169.148163 0.041893 -0.085411 -0.834561 0.542640
113.199798 -1699.366943 1022.145813 -169.108932 0.043210 -0.084701 -0.834919 0.542097
113.407060 -1700.709961 1019.135193 -169.020615 0.043878 -0.084110 -0.835805 0.540768
113.614405 -1702.081177 1016.082825 -168.944031 0.043531 -0.084342 -0.836701 0.539373
113.718059 -1702.773071 1014.550903 -168.908463 0.042477 -0.083888 -0.837206 0.538744
113.925400 -1704.197754 1011.432678 -168.853760 0.044474 -0.083765 -0.838079 0.537242
114.132740 -1705.643677 1008.310852 -168.783463 0.046854 -0.086532 -0.838126 0.536527
114.236407 -1706.373169 1006.723145 -168.739746 0.045658 -0.087019 -0.838224 0.536398
114.443744 -1707.837280 1003.508850 -168.666122 0.044934 -0.085649 -0.838104 0.536867
114.651048 -1709.319092 1000.287537 -168.598541 0.046448 -0.084837 -0.837211 0.538258
114.754740 -1710.056885 998.650635 -168.570602 0.046108 -0.085373 -0.836530 0.539262
114.962104 -1711.545166 995.359314 -168.499435 0.045588 -0.085924 -0.834997 0.541589
115.065776 -1712.282837 993.692566 -168.459305 0.045349 -0.085879 -0.834151 0.542918
115.273084 -1713.749512 990.346924 -168.393616 0.045824 -0.086232 -0.832371 0.545548
115.376757 -1714.492798 988.648132 -168.350693 0.046597 -0.087065 -0.831387 0.546850
115.584105 -1715.968628 985.213135 -168.259735 0.047293 -0.089220 -0.829359 0.549515
115.687783 -1716.703369 983.475403 -168.213303 0.048075 -0.088671 -0.828562 0.550738
115.895193 -1718.153198 980.001465 -168.111023 0.047418 -0.085983 -0.827987 0.552084
115.998907 -1718.874512 978.241943 -168.065338 0.046179 -0.084970 -0.827948 0.552403
116.206269 -1720.328979 974.698303 -167.998444 0.045278 -0.083470 -0.827653 0.553148
116.413657 -1721.812378 971.123047 -167.900513 0.045212 -0.085213 -0.827145 0.553648
116.517325 -1722.551514 969.320129 -167.846161 0.045483 -0.085052 -0.826937 0.553961
116.724693 -1724.017090 965.721802 -167.746017 0.046891 -0.082301 -0.826832 0.554415
116.931993 -1725.490601 962.122559 -167.667603 0.045032 -0.085145 -0.826399 0.554786
117.035664 -1726.240479 960.306519 -167.599884 0.044917 -0.086349 -0.826177 0.554939
117.346698 -1728.439941 954.894714 -167.429016 0.044220 -0.082615 -0.826863 0.554542
117.450367 -1729.170288 953.083679 -167.381104 0.044082 -0.082037 -0.827658 0.553452
117.657656 -1730.670410 949.452515 -167.278275 0.044313 -0.083544 -0.828759 0.551556
117.761305 -1731.435913 947.656738 -167.221375 0.044578 -0.084740 -0.829360 0.550448
117.968614 -1732.975342 944.016846 -167.121109 0.048061 -0.082723 -0.830335 0.548990
118.072259 -1733.751221 942.177551 -167.082108 0.048838 -0.082111 -0.830820 0.548279
118.175933 -1734.523804 940.370117 -167.047272 0.049668 -0.082527 -0.831148 0.547645
118.279609 -1735.302979 938.547363 -167.013672 0.049621 -0.083276 -0.831348 0.547233
118.383258 -1736.079834 936.719360 -166.977417 0.048869 -0.083989 -0.831613 0.546788
118.486900 -1736.868652 934.893311 -166.929703 0.048438 -0.083985 -0.831940 0.546329
118.590565 -1737.653320 933.076294 -166.889847 0.048884 -0.083253 -0.832051 0.546233
118.694232 -1738.433594 931.258240 -166.853821 0.049659 -0.082778 -0.832228 0.545966
118.797919 -1739.224854 929.423279 -166.817352 0.049648 -0.082917 -0.832458 0.545594
119.005375 -1740.817139 925.736816 -166.733902 0.048301 -0.082491 -0.833328 0.544450
119.109116 -1741.611694 923.904358 -166.697784 0.047392 -0.081420 -0.833924 0.543778
119.212798 -1742.409424 922.062500 -166.655151 0.046589 -0.079984 -0.834706 0.542860
119.316479 -1743.230957 920.205200 -166.630280 0.048046 -0.078924 -0.835377 0.541855
119.420154 -1744.042969 918.378967 -166.612854 0.049463 -0.079426 -0.835720 0.541125
119.523813 -1744.870972 916.525330 -166.586517 0.050001 -0.081185 -0.836017 0.540356
119.731168 -1746.531006 912.796692 -166.504364 0.048267 -0.080362 -0.836746 0.539507
119.834834 -1747.355103 910.937195 -166.475754 0.047823 -0.078410 -0.837180 0.539161
120.042138 -1749.029053 907.222656 -166.433014 0.047664 -0.077570 -0.837641 0.538580
120.145795 -1749.885864 905.348450 -166.418427 0.048117 -0.078446 -0.837558 0.538543
120.353089 -1751.590332 901.618042 -166.362747 0.049457 -0.081705 -0.836934 0.538906
120.456747 -1752.440186 899.733704 -166.320709 0.048946 -0.082686 -0.836729 0.539122
120.560432 -1753.297852 897.828003 -166.278076 0.047946 -0.082100 -0.836793 0.539201
120.767747 -1754.991089 894.036743 -166.210815 0.046731 -0.079302 -0.836952 0.539480
120.871430 -1755.848389 892.123474 -166.188477 0.046942 -0.078746 -0.836976 0.539505
120.975129 -1756.717773 890.206482 -166.174088 0.048185 -0.078926 -0.836852 0.539562
