0.000000 -0.419048 -0.801134 0.760403 0.017486 0.016555 -0.748740 0.662427
0.103815 -0.578161 -1.786192 0.725391 0.015869 0.015239 -0.763753 0.645134
0.207604 -0.778830 -2.761628 0.694164 0.013866 0.015497 -0.778596 0.627181
0.311392 -1.027244 -3.727353 0.666039 0.014158 0.015086 -0.793139 0.608689
0.415179 -1.319033 -4.674677 0.641247 0.013934 0.014782 -0.807149 0.589999
0.518944 -1.657249 -5.606078 0.618497 0.013272 0.012900 -0.820605 0.571196
0.622709 -2.037778 -6.516778 0.595031 0.013047 0.010936 -0.833332 0.552511
0.726472 -2.453954 -7.410969 0.573482 0.012379 0.011036 -0.845790 0.533259
0.830238 -2.912619 -8.283200 0.555328 0.012484 0.011293 -0.857975 0.513416
0.934005 -3.405912 -9.131310 0.538271 -0.012561 -0.011829 0.869906 -0.492916
1.037768 -3.942344 -9.953105 0.522355 -0.012358 -0.012373 0.881428 -0.471994
1.141533 -4.511194 -10.746580 0.504583 -0.012103 -0.012308 0.892358 -0.450997
1.245277 -5.119682 -11.506124 0.487852 -0.012164 -0.010925 0.902726 -0.429905
1.348993 -5.758821 -12.234269 0.472294 -0.011285 -0.011050 0.912479 -0.408819
1.452710 -6.433306 -12.928946 0.457024 -0.011779 -0.009428 0.921781 -0.387417
1.556426 -7.135559 -13.590808 0.442237 -0.011436 -0.009463 0.930552 -0.365858
1.660167 -7.863521 -14.218505 0.429021 -0.010604 -0.009860 0.938980 -0.343668
1.763910 -8.619522 -14.806088 0.413787 -0.010060 -0.007863 0.946838 -0.321457
1.867628 -9.399984 -15.357722 0.402357 -0.009057 -0.007814 0.954088 -0.299287
1.971320 -10.202446 -15.870083 0.392674 -0.008141 -0.006857 0.960781 -0.277103
2.074991 -11.029384 -16.342066 0.383244 -0.006417 -0.004114 0.966963 -0.254801
2.178634 -11.879847 -16.777704 0.373726 -0.005764 -0.003707 0.972511 -0.232758
2.282279 -12.753678 -17.178104 0.368115 -0.006070 -0.001963 0.977373 -0.211424
2.385948 -13.647058 -17.539656 0.365394 -0.006283 -0.000600 0.981550 -0.191099
2.489592 -14.557121 -17.869604 0.360002 -0.005005 0.000258 0.985078 -0.172037
2.593258 -15.487926 -18.169804 0.354914 -0.005094 0.000582 0.988046 -0.154073
2.696975 -16.439877 -18.439722 0.350933 -0.006226 0.001029 0.990606 -0.136602
2.800673 -17.404350 -18.679235 0.347770 -0.006293 0.001138 0.992825 -0.119409
2.904341 -18.376261 -18.890463 0.341677 -0.005192 -0.000068 0.994712 -0.102574
3.008014 -19.364477 -19.068213 0.336693 -0.004256 -0.000211 0.996248 -0.086439
3.111707 -20.369474 -19.215469 0.333538 -0.004052 0.000414 0.997489 -0.070706
3.215420 -21.390278 -19.333168 0.330519 -0.004268 0.001094 0.998471 -0.055102
3.319138 -22.428850 -19.421837 0.327428 -0.004907 0.000276 0.999203 -0.039616
3.422833 -23.480404 -19.482466 0.321942 -0.005012 0.000369 0.999684 -0.024631
3.526501 -24.547588 -19.506701 0.314770 -0.004759 0.001604 0.999930 -0.010752
3.630170 -25.625965 -19.501225 0.307243 -0.004461 0.003824 0.999976 0.003589
3.733841 -26.718904 -19.473476 0.299708 -0.004346 0.005685 0.999880 0.013724
3.837514 -27.824757 -19.415621 0.292753 -0.004400 0.008614 0.999663 0.024099
3.941182 -28.938961 -19.337038 0.285853 -0.004855 0.010921 0.999377 0.033213
4.044847 -30.065588 -19.240747 0.278738 -0.004852 0.012600 0.999059 0.041216
4.148517 -31.197798 -19.127134 0.271965 -0.005307 0.013864 0.998712 0.048524
4.252187 -32.335629 -19.001976 0.264428 -0.005986 0.014082 0.998353 0.055299
4.355833 -33.478668 -18.863413 0.256081 -0.006232 0.014020 0.997985 0.061571
4.459478 -34.631393 -18.707518 0.245735 -0.004957 0.014010 0.997621 0.067311
4.563146 -35.800110 -18.536978 0.234866 -0.003189 0.014212 0.997257 0.072569
4.666813 -36.990665 -18.349401 0.224585 -0.001915 0.014647 0.996890 0.077413
4.770482 -38.203091 -18.151453 0.215563 -0.001324 0.014586 0.996579 0.081339
4.874152 -39.437805 -17.942379 0.207106 -0.001098 0.014318 0.996332 0.084360
4.977798 -40.691032 -17.721184 0.199546 -0.000378 0.014742 0.996101 0.086976
5.081466 -41.965919 -17.492176 0.192270 0.000538 0.014371 0.995901 0.089297
5.185133 -43.260380 -17.252758 0.187554 0.001089 0.014460 0.995707 0.091422
5.288803 -44.581287 -17.004406 0.184270 0.000590 0.014404 0.995565 0.092962
5.392474 -45.922340 -16.748093 0.179239 -0.000636 0.014802 0.995450 0.094125
5.496118 -47.282806 -16.485924 0.171924 -0.001212 0.014844 0.995340 0.095266
5.599810 -48.664070 -16.214615 0.161987 -0.000938 0.015936 0.995226 0.096285
5.703504 -50.063866 -15.939404 0.153059 -0.000676 0.015821 0.995175 0.096833
5.807174 -51.485645 -15.656237 0.143409 -0.000319 0.016758 0.995132 0.097117
5.910843 -52.922291 -15.371647 0.136365 -0.000040 0.016593 0.995128 0.097181
6.014488 -54.383999 -15.082527 0.131329 0.000595 0.016540 0.995151 0.096957
6.118135 -55.867905 -14.790691 0.126785 0.000613 0.016689 0.995206 0.096360
6.221803 -57.371922 -14.498230 0.123646 0.000075 0.016315 0.995286 0.095602
6.325471 -58.895466 -14.202096 0.118925 0.000401 0.016763 0.995333 0.095036
6.429162 -60.440304 -13.905868 0.113392 0.000859 0.016690 0.995390 0.094440
6.532854 -62.010380 -13.605366 0.110250 0.001192 0.017144 0.995428 0.093958
6.636550 -63.600452 -13.303966 0.108048 0.001157 0.016986 0.995480 0.093432
6.740244 -65.208649 -12.998192 0.106237 0.000321 0.017858 0.995512 0.092935
6.843936 -66.831886 -12.689851 0.104118 -0.000619 0.018598 0.995533 0.092564
6.947629 -68.465729 -12.382223 0.100304 -0.000373 0.019358 0.995554 0.092181
7.051298 -70.114616 -12.070843 0.098057 0.000681 0.020441 0.995577 0.091693
7.154991 -71.779610 -11.762307 0.099249 0.000611 0.020118 0.995616 0.091346
7.258685 -73.460258 -11.450063 0.100336 0.000404 0.020323 0.995622 0.091238
7.362353 -75.158684 -11.137537 0.100126 -0.000326 0.020063 0.995639 0.091104
7.466017 -76.871483 -10.819430 0.097231 -0.000258 0.020929 0.995638 0.090921
7.569689 -78.598984 -10.500795 0.095142 -0.000178 0.021316 0.995632 0.090901
7.673363 -80.341927 -10.178596 0.093216 0.000304 0.021537 0.995627 0.090905
7.777055 -82.098030 -9.855835 0.093215 0.000657 0.021240 0.995616 0.091091
7.880773 -83.866920 -9.529404 0.095284 0.000826 0.020685 0.995578 0.091627
7.984465 -85.648758 -9.198842 0.098761 0.001246 0.020341 0.995529 0.092229
8.088158 -87.452438 -8.863531 0.102341 0.000963 0.019811 0.995494 0.092725
8.191868 -89.266792 -8.522159 0.104164 0.000692 0.019888 0.995447 0.093219
8.295560 -91.097694 -8.179023 0.104898 0.000209 0.018609 0.995454 0.093406
8.399259 -92.939079 -7.827810 0.104087 0.000743 0.018452 0.995389 0.094131
8.502978 -94.798050 -7.472270 0.104160 0.001420 0.017848 0.995277 0.095414
8.606696 -96.669647 -7.106149 0.104565 0.001337 0.018164 0.995085 0.097336
8.710390 -98.551292 -6.734087 0.109739 0.001129 0.017167 0.994873 0.099663
8.814083 -100.440079 -6.351880 0.116257 0.000547 0.016075 0.994645 0.102093
8.917751 -102.334038 -5.957395 0.123561 0.001143 0.015551 0.994405 0.104479
9.021396 -104.239189 -5.549734 0.131062 0.001752 0.015706 0.994149 0.106859
9.125065 -106.150742 -5.131179 0.142397 0.002595 0.015512 0.993895 0.109202
9.228731 -108.073860 -4.701104 0.157313 0.002968 0.014939 0.993632 0.111644
9.332401 -110.007423 -4.261648 0.171930 0.002458 0.013937 0.993363 0.114150
9.436067 -111.948364 -3.811141 0.185298 0.002366 0.013027 0.993060 0.116861
9.539733 -113.896904 -3.346946 0.197827 0.001921 0.012565 0.992730 0.119687
9.643381 -115.851265 -2.869153 0.209204 0.001766 0.012539 0.992390 0.122482
9.747030 -117.810211 -2.375406 0.220816 0.002365 0.012749 0.992038 0.125266
9.850701 -119.776794 -1.870875 0.233341 0.002836 0.012556 0.991670 0.128159
9.954394 -121.750633 -1.348966 0.248097 0.002757 0.012825 0.991273 0.131169
10.058087 -123.733437 -0.813876 0.263778 0.002909 0.012357 0.990899 0.134010
10.161756 -125.718605 -0.267535 0.278281 0.003061 0.012080 0.990540 0.136658
10.265450 -127.712204 0.292242 0.294676 0.003148 0.011527 0.990180 0.139285
10.369120 -129.708572 0.867481 0.310486 0.003070 0.012252 0.989847 0.141576
10.472741 -131.712372 1.456290 0.324832 0.002310 0.013234 0.989549 0.143570
10.576383 -133.721344 2.056774 0.338509 0.002798 0.013888 0.989269 0.145419
10.680074 -135.735962 2.665240 0.352670 0.003002 0.014069 0.989031 0.147005
10.783791 -137.760315 3.282645 0.367712 0.002912 0.013681 0.988779 0.148730
10.887510 -139.789917 3.908222 0.382399 0.003055 0.013029 0.988483 0.150738
10.991220 -141.829681 4.545340 0.399971 0.003531 0.012300 0.988140 0.153019
11.094936 -143.875107 5.195451 0.417986 0.003473 0.011891 0.987788 0.155314
11.198640 -145.925842 5.856978 0.435517 0.003516 0.011937 0.987415 0.157663
11.302310 -147.979797 6.530286 0.454361 0.003761 0.011679 0.987043 0.159986
11.405977 -150.039078 7.216782 0.474919 0.003981 0.011481 0.986662 0.162327
11.509647 -152.106232 7.916121 0.495334 0.003504 0.011412 0.986305 0.164498
11.613342 -154.176804 8.628126 0.515519 0.003420 0.011715 0.985933 0.166697
11.717033 -156.252457 9.353773 0.535567 0.003626 0.012195 0.985579 0.168736
11.820702 -158.331711 10.088230 0.555766 0.004156 0.012229 0.985253 0.170618
11.924372 -160.414612 10.833261 0.577082 0.005201 0.012319 0.984918 0.172505
12.028041 -162.505005 11.590358 0.601201 0.005430 0.012616 0.984600 0.174279
12.131713 -164.599655 12.357252 0.627902 0.005845 0.012478 0.984288 0.176033
12.235386 -166.701431 13.135214 0.655523 0.005893 0.012413 0.983959 0.177862
12.339050 -168.808121 13.922918 0.683010 0.005815 0.012441 0.983586 0.179916
12.442693 -170.916901 14.724307 0.711298 0.005765 0.013131 0.983211 0.181906
12.546338 -173.032181 15.539637 0.739047 0.006013 0.014283 0.982879 0.183597
12.649983 -175.151306 16.363241 0.765634 0.005724 0.014765 0.982601 0.185054
12.753627 -177.278107 17.195818 0.791312 0.005348 0.014812 0.982339 0.186447
12.857271 -179.409866 18.036402 0.816428 0.005397 0.014238 0.982072 0.187888
12.960901 -181.542358 18.884140 0.842993 0.006315 0.013606 0.981775 0.189452
13.064570 -183.685196 19.744087 0.871856 0.007065 0.013420 0.981440 0.191169
13.168252 -185.832031 20.614191 0.907741 0.007845 0.012460 0.981119 0.192846
13.271895 -187.981827 21.493660 0.944694 0.008699 0.011670 0.980779 0.194580
13.375539 -190.133331 22.386171 0.983531 0.008609 0.012040 0.980383 0.196548
13.479212 -192.296936 23.292164 1.024288 0.008060 0.011792 0.980011 0.198428
13.582878 -194.461685 24.208189 1.063106 0.007633 0.011719 0.979621 0.200369
13.686569 -196.627182 25.135525 1.101104 0.007607 0.011857 0.979199 0.202412
13.790271 -198.796417 26.072762 1.139504 0.007717 0.011402 0.978824 0.204239
13.893964 -200.960968 27.017221 1.180086 0.008072 0.010820 0.978412 0.206221
13.997655 -203.132111 27.976837 1.223315 0.008071 0.010823 0.978051 0.207926
14.101337 -205.301697 28.945311 1.268204 0.008268 0.011282 0.977722 0.209437
14.205024 -207.471527 29.928135 1.313139 0.008199 0.011946 0.977424 0.210788
14.308667 -209.641708 30.917959 1.355763 0.007911 0.012520 0.977113 0.212204
14.412311 -211.809601 31.914619 1.397317 0.008083 0.013026 0.976814 0.213540
14.515993 -213.982483 32.919128 1.439712 0.008606 0.013158 0.976510 0.214896
14.619665 -216.154282 33.929745 1.485451 0.008764 0.012826 0.976193 0.216345
14.723333 -218.326309 34.946922 1.533445 0.009215 0.012447 0.975874 0.217784
14.827034 -220.496460 35.971359 1.584098 0.009784 0.012311 0.975525 0.219324
14.930740 -222.666275 37.000294 1.637498 0.009988 0.011367 0.975240 0.220630
15.034424 -224.836609 38.039890 1.693124 0.010285 0.011371 0.974883 0.222188
15.138106 -227.002869 39.089603 1.749847 0.009948 0.012394 0.974559 0.223567
15.241787 -229.167191 40.143387 1.804277 0.009547 0.012609 0.974251 0.224909
15.345457 -231.331238 41.204037 1.853796 0.009181 0.012269 0.973871 0.226585
15.449124 -233.490799 42.269394 1.903011 0.009393 0.011635 0.973497 0.228211
15.552790 -235.650085 43.343342 1.954352 0.009246 0.010897 0.973086 0.229998
15.656459 -237.805908 44.424679 2.005418 0.008840 0.010448 0.972661 0.231827
15.760105 -239.955368 45.513096 2.056688 0.008857 0.010152 0.972210 0.233723
15.863764 -242.101364 46.609955 2.108231 0.008637 0.009798 0.971747 0.235663
15.967444 -244.237625 47.713074 2.160405 0.009021 0.009485 0.971240 0.237742
16.071109 -246.373734 48.825306 2.211323 0.008726 0.009021 0.970709 0.239932
16.174754 -248.501236 49.947803 2.262933 0.008734 0.008960 0.970192 0.242016
16.278380 -250.621765 51.079346 2.316454 0.009177 0.009221 0.969710 0.243912
16.382038 -252.738113 52.218380 2.368917 0.009177 0.009069 0.969217 0.245872
16.485693 -254.856995 53.366253 2.419734 0.009341 0.008602 0.968717 0.247842
16.589337 -256.976288 54.524593 2.470503 0.009264 0.008535 0.968213 0.249810
16.693005 -259.089874 55.690456 2.519894 0.009589 0.008760 0.967718 0.251701
16.796672 -261.203217 56.871819 2.570665 0.009972 0.009439 0.967205 0.253627
16.900310 -263.309967 58.058392 2.623497 0.010712 0.010383 0.966713 0.255428
17.003960 -265.417694 59.255199 2.678244 0.011002 0.010802 0.966286 0.257008
17.107616 -267.526855 60.466087 2.732030 0.011861 0.011594 0.965833 0.258633
17.211248 -269.638824 61.688797 2.785940 0.012867 0.012347 0.965410 0.260127
17.314930 -271.756500 62.926075 2.840135 0.013165 0.012744 0.964980 0.261683
17.418663 -273.877869 64.173256 2.892682 0.013640 0.013016 0.964489 0.263449
17.522364 -276.009308 65.434288 2.946517 0.013779 0.012502 0.964005 0.265233
17.626026 -278.141846 66.708771 3.002022 0.014231 0.012771 0.963490 0.267059
17.729696 -280.280487 67.992157 3.060886 0.014498 0.012314 0.962988 0.268873
17.833365 -282.422455 69.286636 3.121788 0.014605 0.011434 0.962566 0.270411
17.937010 -284.568054 70.596603 3.183441 0.014551 0.012055 0.962131 0.271932
18.040638 -286.724854 71.923531 3.244493 0.014328 0.012965 0.961794 0.273091
18.144230 -288.883667 73.259911 3.303573 0.014151 0.013418 0.961466 0.274232
18.247824 -291.049500 74.604042 3.360845 0.014123 0.013442 0.961117 0.275452
18.351451 -293.223480 75.961174 3.418088 0.013814 0.013242 0.960762 0.276712
18.455038 -295.400818 77.329819 3.474019 0.013614 0.013752 0.960350 0.278126
18.558624 -297.586334 78.710709 3.528694 0.013516 0.014078 0.959993 0.279345
18.662250 -299.777100 80.100845 3.584283 0.013909 0.013808 0.959669 0.280447
18.765870 -301.972290 81.501244 3.642013 0.015141 0.013142 0.959285 0.281728
18.869517 -304.174530 82.914337 3.704262 0.015034 0.012401 0.958772 0.283507
18.973198 -306.383636 84.338623 3.767041 0.014058 0.011324 0.958082 0.285923
19.076865 -308.598267 85.781357 3.827340 0.013021 0.010410 0.957300 0.288616
19.180534 -310.811981 87.241371 3.884376 0.012323 0.009915 0.956510 0.291272
19.284206 -313.022888 88.722122 3.940094 0.012390 0.010073 0.955751 0.293742
19.387850 -315.230713 90.219933 3.992658 0.012655 0.011196 0.955003 0.296115
19.491495 -317.441467 91.736374 4.048000 0.013061 0.011900 0.954318 0.298269
19.595143 -319.653992 93.268684 4.106078 0.012891 0.012220 0.953664 0.300350
19.698764 -321.861694 94.810631 4.165431 0.011945 0.012748 0.952969 0.302563
19.802384 -324.064911 96.363602 4.224307 0.011292 0.012273 0.952281 0.304767
19.906005 -326.259857 97.926491 4.280831 0.011272 0.011935 0.951596 0.306913
20.009625 -328.453308 99.501511 4.337643 0.010975 0.011832 0.950860 0.309199
20.113244 -330.640991 101.090714 4.392483 0.010392 0.012744 0.950086 0.311554
20.216865 -332.820740 102.692184 4.445250 0.010369 0.013097 0.949347 0.313785
20.320487 -334.996704 104.302605 4.494828 0.010084 0.012376 0.948663 0.315885
20.424109 -337.163574 105.924080 4.541117 0.009386 0.012363 0.947990 0.317922
20.527730 -339.331635 107.563393 4.585348 0.008748 0.012691 0.947416 0.319633
20.631353 -341.494629 109.208206 4.628770 0.008720 0.011766 0.946885 0.321237
20.734996 -343.655151 110.858231 4.672957 0.008831 0.009662 0.946340 0.322907
20.838638 -345.810760 112.515640 4.719178 0.008853 0.008025 0.945750 0.324674
20.942262 -347.958282 114.180611 4.769400 0.007609 0.007029 0.945141 0.326497
21.045908 -350.107086 115.866631 4.817351 0.006971 0.007459 0.944523 0.328288
21.149553 -352.244324 117.553566 4.863862 0.006981 0.007162 0.943904 0.330067
21.253176 -354.371704 119.248817 4.914062 0.007478 0.006416 0.943323 0.331731
21.356820 -356.501221 120.956055 4.962940 0.005486 0.005583 0.942682 0.333600
21.460484 -358.622589 122.669395 5.001791 0.004365 0.004583 0.942043 0.335431
21.564128 -360.735077 124.387848 5.036751 0.004441 0.004326 0.941414 0.337197
21.667753 -362.839081 126.115967 5.073885 0.004353 0.004054 0.940834 0.338817
21.771375 -364.935730 127.850800 5.113277 0.004213 0.004054 0.940273 0.340370
21.875019 -367.021332 129.591232 5.153671 0.003433 0.004012 0.939675 0.342027
21.978664 -369.105804 131.339920 5.194909 0.003409 0.002775 0.939081 0.343668
22.082322 -371.183136 133.083633 5.238283 0.003435 -0.001807 0.938483 0.345304
22.185991 -373.247864 134.827393 5.292658 0.005941 -0.007375 0.937732 0.347231
22.289651 -375.296265 136.593964 5.363752 0.009986 -0.004479 0.937084 0.348931
22.393274 -377.335327 138.374680 5.439301 0.009921 -0.000135 0.936866 0.349549
22.496892 -379.388275 140.158295 5.495605 0.003866 0.001670 0.936508 0.350621
22.600564 -381.441162 141.938660 5.525879 -0.001032 0.000792 0.935897 0.352272
22.704236 -383.486053 143.718643 5.540345 -0.003415 -0.001334 0.935180 0.354154
22.807901 -385.516205 145.503540 5.555509 -0.003587 -0.002158 0.934529 0.355862
22.911547 -387.527863 147.297424 5.575027 -0.001964 -0.000128 0.933945 0.357412
23.015193 -389.533386 149.100143 5.602309 0.001145 0.001432 0.933460 0.358677
23.118885 -391.533600 150.909668 5.636582 0.003135 0.001687 0.932884 0.360159
23.222576 -393.530640 152.723846 5.673343 0.002738 0.001586 0.932210 0.361904
23.326275 -395.522980 154.541534 5.707107 0.002294 0.002153 0.931535 0.363638
23.429970 -397.501892 156.362656 5.738530 0.001865 0.002704 0.930954 0.365123
23.533634 -399.476929 158.200180 5.771484 0.001963 0.003073 0.930498 0.366278
23.637302 -401.445343 160.039963 5.801977 0.001903 0.003279 0.930158 0.367141
23.740967 -403.408813 161.883484 5.833130 0.002074 0.003627 0.929854 0.367906
23.844636 -405.371155 163.731155 5.862660 0.001572 0.004579 0.929596 0.368549
23.948285 -407.327698 165.576385 5.886960 0.000647 0.005904 0.929327 0.369210
24.051929 -409.286011 167.430405 5.904696 -0.000002 0.007052 0.929043 0.369904
24.155574 -411.236603 169.280823 5.920744 0.000540 0.006478 0.928773 0.370592
24.259197 -413.184326 171.129044 5.939043 0.001465 0.004200 0.928435 0.371469
24.362843 -415.128479 172.981598 5.965063 0.001858 0.002365 0.928125 0.372257
24.466486 -417.069824 174.837509 5.996896 0.001351 0.002086 0.927865 0.372909
24.570130 -419.009491 176.696915 6.027145 0.000890 0.001376 0.927648 0.373452
24.673751 -420.943024 178.556091 6.055332 0.001283 -0.000276 0.927425 0.374007
24.777349 -422.874237 180.418030 6.084902 0.000744 -0.000709 0.927218 0.374521
24.880945 -424.799347 182.282654 6.113083 -0.000278 -0.000070 0.927100 0.374815
24.984519 -426.722443 184.149155 6.137959 -0.001209 0.001348 0.927114 0.374776
25.088111 -428.637970 186.014465 6.161254 -0.003050 0.004385 0.927309 0.374259
25.191707 -430.557098 187.879181 6.161572 -0.004639 0.007239 0.927652 0.373346
25.295311 -432.484833 189.730179 6.154727 -0.004705 0.004962 0.928105 0.372255
25.398932 -434.412933 191.567505 6.160361 -0.003022 0.000499 0.928317 0.371776
25.502551 -436.355713 193.413422 6.178995 -0.003149 -0.002595 0.928723 0.370751
25.606150 -438.300323 195.255692 6.191057 -0.003220 -0.003533 0.929315 0.369256
25.709747 -440.245514 197.094604 6.197142 -0.003485 -0.002677 0.929993 0.367551
25.813390 -442.193146 198.923584 6.199361 -0.003476 -0.002178 0.930704 0.365751
25.917036 -444.144958 200.741058 6.208870 -0.002308 -0.003698 0.931282 0.364273
26.020682 -446.113556 202.553635 6.222848 -0.003628 -0.006778 0.931650 0.363277
26.124351 -448.088654 204.356949 6.239560 -0.005759 -0.010677 0.931819 0.362720
26.227997 -450.062073 206.153656 6.253612 -0.006208 -0.014267 0.931915 0.362343
26.331642 -452.033722 207.951935 6.270866 -0.006360 -0.015641 0.932019 0.362017
26.435287 -454.003632 209.754440 6.289746 -0.006774 -0.014568 0.932296 0.361338
26.538908 -455.975342 211.556137 6.304248 -0.007749 -0.013162 0.932622 0.360532
26.642530 -457.949768 213.350784 6.313888 -0.008658 -0.013427 0.932929 0.359707
26.746152 -459.926300 215.137512 6.321137 -0.008512 -0.014768 0.933129 0.359137
26.849797 -461.903809 216.923172 6.331573 -0.007710 -0.015592 0.933336 0.358584
26.953465 -463.879181 218.704803 6.348855 -0.006909 -0.015767 0.933589 0.357933
27.057134 -465.863464 220.493378 6.368205 -0.007048 -0.014589 0.933879 0.357222
27.160779 -467.846649 222.276947 6.386087 -0.007376 -0.013557 0.934183 0.356461
27.264427 -469.832642 224.055283 6.399871 -0.007714 -0.013364 0.934392 0.355911
27.368096 -471.820038 225.828690 6.412773 -0.007700 -0.013475 0.934607 0.355342
27.471760 -473.811340 227.601089 6.423902 -0.008277 -0.013470 0.934786 0.354859
27.575430 -475.803162 229.369858 6.432384 -0.008850 -0.013549 0.934946 0.354420
27.679101 -477.797180 231.137909 6.439915 -0.008360 -0.013981 0.935069 0.354091
27.782744 -479.791016 232.904129 6.450683 -0.007572 -0.014266 0.935170 0.353832
27.886365 -481.782898 234.669067 6.464049 -0.007906 -0.013942 0.935298 0.353497
27.989986 -483.781677 236.435837 6.475589 -0.008619 -0.013887 0.935398 0.353220
28.093629 -485.779053 238.199463 6.487720 -0.009087 -0.014452 0.935414 0.353141
28.197278 -487.777405 239.961121 6.502324 -0.009212 -0.014729 0.935373 0.353235
28.300900 -489.774078 241.723572 6.515540 -0.009058 -0.014703 0.935333 0.353345
28.404521 -491.765350 243.483047 6.530559 -0.008937 -0.014510 0.935290 0.353471
28.508167 -493.765747 245.251755 6.549010 -0.009715 -0.014316 0.935233 0.353609
28.611813 -495.763855 247.017090 6.560466 -0.010544 -0.014622 0.935159 0.353770
28.715433 -497.759247 248.782333 6.568929 -0.010702 -0.014710 0.935095 0.353929
28.819045 -499.754456 250.546707 6.574554 -0.010604 -0.015083 0.935072 0.353979
28.922690 -501.744690 252.308731 6.580263 -0.010373 -0.015202 0.935051 0.354036
29.026344 -503.740753 254.077805 6.588576 -0.010093 -0.014774 0.935111 0.353904
29.129964 -505.735718 255.843826 6.596751 -0.010154 -0.014773 0.935169 0.353748
29.233604 -507.730988 257.609161 6.604548 -0.010192 -0.014808 0.935167 0.353751
29.337252 -509.726349 259.373199 6.611563 -0.009990 -0.015088 0.935188 0.353689
29.440894 -511.722076 261.137024 6.619308 -0.010449 -0.015386 0.935191 0.353655
29.544539 -513.718811 262.903076 6.623345 -0.010756 -0.015051 0.935242 0.353525
29.648158 -515.714844 264.667053 6.624763 -0.011532 -0.014805 0.935288 0.353390
29.751757 -517.711731 266.430664 6.623462 -0.011152 -0.014752 0.935345 0.353252
29.855338 -519.706970 268.193359 6.622222 -0.010908 -0.014235 0.935405 0.353123
29.958933 -521.698975 269.951538 6.620231 -0.011101 -0.013890 0.935474 0.352948
30.062531 -523.702271 271.716675 6.616945 -0.011565 -0.013990 0.935522 0.352801
30.166130 -525.700012 273.476257 6.613473 -0.011330 -0.014463 0.935489 0.352878
30.269752 -527.698914 275.237030 6.611141 -0.011246 -0.014536 0.935447 0.352988
30.373385 -529.699951 277.000427 6.608984 -0.011883 -0.014477 0.935423 0.353034
30.477051 -531.701599 278.764648 6.602521 -0.012864 -0.014307 0.935373 0.353138
30.580729 -533.704224 280.528656 6.592985 -0.013502 -0.014646 0.935289 0.353323
30.684393 -535.702393 282.290680 6.582360 -0.012430 -0.015162 0.935235 0.353485
30.788034 -537.699829 284.053528 6.576615 -0.011148 -0.015885 0.935185 0.353627
30.891684 -539.694519 285.815002 6.576261 -0.010908 -0.015862 0.935173 0.353668
30.995359 -541.698669 287.586121 6.575497 -0.012181 -0.015115 0.935188 0.353620
31.099018 -543.698669 289.354980 6.568380 -0.012997 -0.014433 0.935184 0.353629
31.202688 -545.696594 291.122467 6.557318 -0.012617 -0.014099 0.935196 0.353625
31.306397 -547.694397 292.889221 6.546626 -0.012167 -0.014154 0.935190 0.353655
31.410092 -549.692444 294.657043 6.538268 -0.011896 -0.013964 0.935199 0.353646
31.513758 -551.693726 296.428314 6.530735 -0.011941 -0.013344 0.935233 0.353580
31.617424 -553.695190 298.199310 6.522882 -0.012316 -0.012740 0.935270 0.353491
31.721117 -555.697876 299.968689 6.511926 -0.012918 -0.012889 0.935308 0.353365
31.824814 -557.699036 301.736542 6.498026 -0.013051 -0.012721 0.935327 0.353314
31.928482 -559.694946 303.501129 6.484004 -0.012866 -0.012306 0.935403 0.353134
32.032150 -561.702881 305.274658 6.467633 -0.013651 -0.011724 0.935484 0.352911
32.135843 -563.705994 307.039948 6.449215 -0.013922 -0.012312 0.935561 0.352676
32.239561 -565.710144 308.803314 6.430088 -0.014610 -0.013043 0.935588 0.352551
32.343286 -567.714233 310.567322 6.410063 -0.014046 -0.013180 0.935668 0.352356
32.446979 -569.712646 312.327789 6.393125 -0.013427 -0.012781 0.935808 0.352022
32.550665 -571.713562 314.089722 6.378108 -0.013041 -0.012158 0.936006 0.351533
32.654355 -573.715271 315.848297 6.363965 -0.013266 -0.011865 0.936159 0.351126
32.758017 -575.719055 317.604218 6.348135 -0.014125 -0.011659 0.936276 0.350787
32.861656 -577.719543 319.356476 6.332503 -0.013508 -0.011712 0.936414 0.350441
32.965306 -579.717773 321.101349 6.318303 -0.013457 -0.012077 0.936559 0.350043
33.069011 -581.725525 322.852386 6.304452 -0.013602 -0.012377 0.936664 0.349747
33.172705 -583.731262 324.598236 6.289825 -0.013736 -0.012549 0.936808 0.349350
33.276396 -585.738708 326.341736 6.271624 -0.014085 -0.012785 0.936916 0.349036
33.380094 -587.745544 328.082275 6.254269 -0.014387 -0.013316 0.936997 0.348787
33.483762 -589.754700 329.821289 6.235919 -0.014494 -0.014112 0.937064 0.348571
33.587455 -591.765198 331.562256 6.219334 -0.014005 -0.014846 0.937034 0.348641
33.691194 -593.777222 333.307159 6.202174 -0.014475 -0.014522 0.936991 0.348751
33.794932 -595.788330 335.052704 6.182905 -0.015089 -0.013955 0.936960 0.348831
33.898650 -597.797302 336.794342 6.160649 -0.015611 -0.014250 0.936918 0.348910
34.002331 -599.810181 338.540222 6.138948 -0.015200 -0.014928 0.936870 0.349027
34.106022 -601.817871 340.284180 6.120093 -0.014062 -0.015080 0.936872 0.349065
34.209727 -603.824951 342.027863 6.104462 -0.013300 -0.015035 0.936925 0.348955
34.313385 -605.836365 343.773956 6.093051 -0.013174 -0.014855 0.936953 0.348891
34.417019 -607.844849 345.515625 6.081799 -0.013902 -0.014633 0.936940 0.348907
34.520663 -609.857910 347.260620 6.066050 -0.014401 -0.014076 0.936949 0.348886
34.624342 -611.871765 349.005493 6.047426 -0.014495 -0.013849 0.936981 0.348806
34.728046 -613.885193 350.748993 6.027928 -0.014298 -0.014080 0.937026 0.348683
34.831742 -615.898560 352.491730 6.008654 -0.014057 -0.014242 0.937080 0.348540
34.935414 -617.911011 354.233551 5.990733 -0.014245 -0.014041 0.937146 0.348364
35.039060 -619.926941 355.976990 5.973796 -0.014191 -0.014110 0.937231 0.348133
35.142703 -621.941162 357.716614 5.954243 -0.014611 -0.014248 0.937280 0.347980
35.246345 -623.953796 359.455719 5.935158 -0.014791 -0.014495 0.937350 0.347773
35.349982 -625.964111 361.192474 5.915550 -0.013981 -0.014675 0.937440 0.347555
35.453648 -627.978577 362.930359 5.898523 -0.014071 -0.014685 0.937543 0.347275
35.557309 -629.993103 364.668884 5.881440 -0.014458 -0.014391 0.937623 0.347055
35.660959 -632.005798 366.405518 5.861001 -0.014727 -0.013984 0.937704 0.346842
35.764654 -634.018860 368.139099 5.840601 -0.014220 -0.014135 0.937807 0.346578
35.868348 -636.031433 369.870178 5.823771 -0.013488 -0.014211 0.937910 0.346325
35.972015 -638.044678 371.598602 5.809539 -0.013268 -0.013949 0.938041 0.345989
36.075683 -640.062622 373.329498 5.793715 -0.013977 -0.013279 0.938180 0.345612
36.179345 -642.079590 375.058685 5.775560 -0.014423 -0.013085 0.938276 0.345338
36.283014 -644.096191 376.783600 5.755305 -0.014501 -0.013073 0.938376 0.345063
36.386661 -646.111328 378.505768 5.734429 -0.014782 -0.013259 0.938450 0.344843
36.490335 -648.128418 380.227142 5.713449 -0.014476 -0.013378 0.938568 0.344532
36.594028 -650.151855 381.952576 5.693562 -0.013884 -0.013635 0.938685 0.344227
36.697715 -652.172974 383.675507 5.674692 -0.013589 -0.013783 0.938780 0.343974
36.801430 -654.194580 385.397675 5.657942 -0.013524 -0.013987 0.938815 0.343873
36.905148 -656.216736 387.117493 5.641156 -0.013756 -0.014201 0.938811 0.343864
37.008867 -658.241211 388.838867 5.624642 -0.013679 -0.014527 0.938779 0.343942
37.112561 -660.266357 390.560150 5.608525 -0.013943 -0.014813 0.938711 0.344104
37.216227 -662.290527 392.281921 5.592159 -0.013931 -0.015359 0.938623 0.344320
37.319898 -664.313049 394.005157 5.576308 -0.013845 -0.015601 0.938539 0.344542
37.423569 -666.334534 395.730530 5.561528 -0.014099 -0.015319 0.938465 0.344748
37.527238 -668.357544 397.458923 5.545987 -0.014376 -0.015009 0.938391 0.344949
37.630908 -670.377686 399.187805 5.527382 -0.014552 -0.014194 0.938315 0.345184
37.734547 -672.398804 400.915924 5.508322 -0.014701 -0.014284 0.938274 0.345284
37.838168 -674.417847 402.642609 5.489619 -0.014375 -0.014622 0.938237 0.345385
37.941793 -676.432922 404.369293 5.472897 -0.013759 -0.014603 0.938260 0.345349
38.045413 -678.451721 406.101685 5.457829 -0.013472 -0.013835 0.938323 0.345221
38.149037 -680.470459 407.831482 5.444231 -0.013136 -0.013296 0.938445 0.344923
38.252658 -682.491699 409.561951 5.431340 -0.013265 -0.012628 0.938560 0.344631
38.356300 -684.513916 411.289520 5.417654 -0.013135 -0.012367 0.938668 0.344350
38.459945 -686.533569 413.014465 5.401078 -0.012896 -0.012590 0.938776 0.344057
38.563590 -688.556824 414.740082 5.384661 -0.012807 -0.013155 0.938862 0.343803
38.667260 -690.579590 416.464111 5.371104 -0.012556 -0.013430 0.938950 0.343563
38.770927 -692.602539 418.187958 5.358846 -0.012748 -0.013692 0.939045 0.343286
38.874574 -694.623779 419.910492 5.346536 -0.013460 -0.012923 0.939148 0.343006
38.978198 -696.649902 421.635651 5.330559 -0.013846 -0.012367 0.939285 0.342634
39.081816 -698.674377 423.353516 5.310147 -0.013736 -0.011999 0.939399 0.342340
39.185436 -700.699707 425.067474 5.285310 -0.013062 -0.011769 0.939540 0.341988
39.289078 -702.723206 426.776428 5.260383 -0.012604 -0.011937 0.939702 0.341552
39.392772 -704.746155 428.483795 5.237348 -0.011937 -0.012023 0.939875 0.341098
39.496492 -706.773254 430.190796 5.212175 -0.011826 -0.012070 0.940026 0.340685
39.600186 -708.802124 431.896484 5.187066 -0.011308 -0.011950 0.940172 0.340303
39.703879 -710.832031 433.599213 5.162748 -0.011079 -0.011911 0.940345 0.339833
39.807546 -712.867432 435.301239 5.146377 -0.011770 -0.012431 0.940491 0.339388
39.911191 -714.903137 436.997833 5.115371 -0.012148 -0.013434 0.940586 0.339073
40.014860 -716.938965 438.694183 5.091807 -0.011892 -0.013738 0.940691 0.338776
40.118531 -718.971924 440.391418 5.071076 -0.011331 -0.013313 0.940846 0.338383
40.222200 -721.006470 442.088043 5.057203 -0.010494 -0.012705 0.941025 0.337935
40.325864 -723.041809 443.782867 5.046713 -0.010572 -0.012680 0.941099 0.337727
40.429533 -725.083008 445.477966 5.038529 -0.011425 -0.012682 0.941086 0.337736
40.533205 -727.124268 447.171143 5.028756 -0.012147 -0.013459 0.941024 0.337854
40.636876 -729.164246 448.862518 5.016690 -0.012051 -0.014176 0.940973 0.337971
40.740545 -731.201843 450.553741 5.006968 -0.010996 -0.014746 0.940996 0.337918
40.844194 -733.241150 452.250427 5.006503 -0.011365 -0.014025 0.941101 0.337643
40.947839 -735.278687 453.946869 4.998083 -0.011714 -0.012647 0.941263 0.337235
41.051502 -737.318298 455.643158 4.983593 -0.011666 -0.011418 0.941402 0.336892
41.155172 -739.358887 457.336304 4.970705 -0.010918 -0.010901 0.941536 0.336560
41.258841 -741.401733 459.025360 4.969935 -0.009633 -0.011298 0.941658 0.336244
41.362484 -743.445801 460.712799 4.974323 -0.008637 -0.011517 0.941804 0.335854
41.466154 -745.492126 462.400330 4.986417 -0.008408 -0.011202 0.942014 0.335282
41.569850 -747.545288 464.088165 4.996838 -0.009198 -0.010755 0.942209 0.334725
41.673542 -749.599182 465.772766 5.001794 -0.009632 -0.010864 0.942371 0.334256
41.777234 -751.653442 467.453583 5.003604 -0.009470 -0.011176 0.942542 0.333765
41.880901 -753.709656 469.132538 5.006096 -0.009561 -0.011599 0.942695 0.333317
41.984570 -755.766968 470.809479 5.012029 -0.009716 -0.011711 0.942860 0.332842
42.088245 -757.828918 472.486816 5.015799 -0.009314 -0.011869 0.943040 0.332337
42.191916 -759.890991 474.160797 5.020403 -0.009043 -0.012597 0.943211 0.331831
42.295558 -761.952332 475.833160 5.023770 -0.008926 -0.012017 0.943318 0.331551
42.399176 -764.011108 477.500671 5.029449 -0.009114 -0.011921 0.943415 0.331275
42.502796 -766.077698 479.171234 5.032946 -0.009664 -0.012135 0.943419 0.331239
42.606423 -768.141724 480.837524 5.034585 -0.010305 -0.012672 0.943364 0.331358
42.710045 -770.203796 482.501953 5.034657 -0.010146 -0.013467 0.943281 0.331567
42.813687 -772.263977 484.166748 5.036572 -0.009689 -0.014041 0.943226 0.331713
42.917330 -774.318237 485.829895 5.040042 -0.009639 -0.014120 0.943142 0.331949
43.020960 -776.375854 487.498505 5.043822 -0.009533 -0.013693 0.943042 0.332254
43.124584 -778.427307 489.165771 5.049301 -0.009360 -0.013129 0.942938 0.332579
43.228210 -780.478149 490.834869 5.054601 -0.009265 -0.012761 0.942836 0.332884
43.331853 -782.525635 492.503082 5.056735 -0.009966 -0.012305 0.942719 0.333213
43.435487 -784.570679 494.168945 5.056722 -0.010208 -0.012562 0.942639 0.333421
43.539107 -786.613159 495.832916 5.058445 -0.009187 -0.013499 0.942620 0.333467
43.642727 -788.654053 497.496582 5.064842 -0.008184 -0.014020 0.942642 0.333409
43.746349 -790.695740 499.161346 5.076396 -0.007545 -0.014070 0.942709 0.333234
43.849973 -792.737366 500.826233 5.089007 -0.007811 -0.013734 0.942791 0.333011
43.953591 -794.778259 502.488312 5.099932 -0.008085 -0.013618 0.942899 0.332701
44.057211 -796.824829 504.154297 5.108156 -0.008200 -0.013245 0.943023 0.332363
44.160835 -798.868958 505.816833 5.113938 -0.008297 -0.012516 0.943211 0.331855
44.264480 -800.918091 507.479828 5.120047 -0.008232 -0.012039 0.943421 0.331278
44.368124 -802.968445 509.138916 5.124500 -0.008205 -0.011830 0.943668 0.330580
44.471741 -805.021912 510.795502 5.127596 -0.008422 -0.011654 0.943904 0.329908
44.575386 -807.079956 512.450928 5.131057 -0.008410 -0.011391 0.944141 0.329239
44.679033 -809.140930 514.104004 5.133468 -0.008529 -0.011325 0.944375 0.328566
44.782656 -811.205078 515.753113 5.133299 -0.009268 -0.011386 0.944584 0.327943
44.886301 -813.269653 517.397278 5.130733 -0.009778 -0.011524 0.944791 0.327323
44.989943 -815.342896 519.042847 5.127039 -0.009532 -0.012371 0.944969 0.326787
45.093591 -817.421753 520.691101 5.122971 -0.009541 -0.012502 0.945126 0.326327
45.197243 -819.498474 522.336609 5.118937 -0.009517 -0.012027 0.945287 0.325878
45.300915 -821.578369 523.981262 5.113980 -0.009751 -0.011904 0.945367 0.325644
45.404603 -823.658386 525.624146 5.108554 -0.009854 -0.011835 0.945356 0.325676
45.508268 -825.748535 527.272522 5.101905 -0.011326 -0.012032 0.945293 0.325803
45.611936 -827.835571 528.917236 5.091451 -0.011556 -0.012655 0.945222 0.325977
45.715581 -829.923096 530.563232 5.078814 -0.011747 -0.013353 0.945163 0.326116
45.819203 -832.009094 532.209412 5.069027 -0.011046 -0.014002 0.945173 0.326082
45.922819 -834.094849 533.855530 5.061068 -0.011336 -0.014127 0.945255 0.325830
46.026438 -836.191406 535.507202 5.051426 -0.012157 -0.014201 0.945331 0.325577
46.130065 -838.281677 537.154053 5.042051 -0.011548 -0.014609 0.945404 0.325368
46.233688 -840.375183 538.803284 5.035110 -0.010839 -0.014681 0.945493 0.325132
46.337308 -842.469055 540.453491 5.028167 -0.010885 -0.013768 0.945581 0.324914
46.440977 -844.565308 542.105835 5.020480 -0.011794 -0.013087 0.945623 0.324787
46.544669 -846.664368 543.758057 5.008951 -0.012689 -0.012493 0.945637 0.324735
46.648312 -848.760498 545.406006 4.995178 -0.013064 -0.012609 0.945676 0.324605
46.751961 -850.858093 547.051941 4.977510 -0.013870 -0.012632 0.945764 0.324311
46.855582 -852.950745 548.695312 4.961133 -0.013400 -0.012497 0.945932 0.323848
46.959154 -855.035889 550.334106 4.947033 -0.012652 -0.011807 0.946174 0.323195
47.062753 -857.130249 551.976013 4.933457 -0.012265 -0.010755 0.946477 0.322358
47.166373 -859.224060 553.611816 4.920019 -0.012400 -0.010084 0.946775 0.321499
47.269993 -861.319641 555.241882 4.904857 -0.013143 -0.009701 0.947028 0.320736
47.373638 -863.412964 556.864197 4.888389 -0.013460 -0.009403 0.947250 0.320075
47.477318 -865.509216 558.481873 4.869367 -0.013973 -0.009119 0.947479 0.319384
47.580989 -867.606506 560.093933 4.847976 -0.014374 -0.009457 0.947677 0.318767
47.684660 -869.697571 561.696167 4.827589 -0.014363 -0.010112 0.947880 0.318142
47.788376 -871.791992 563.295837 4.807249 -0.014367 -0.010449 0.948099 0.317479
47.892079 -873.880554 564.888000 4.785981 -0.014522 -0.010290 0.948305 0.316860
47.995744 -875.973511 566.480347 4.764850 -0.014474 -0.010132 0.948538 0.316172
48.099390 -878.063110 568.065552 4.744620 -0.014057 -0.009909 0.948750 0.315559
48.203043 -880.152039 569.645813 4.723382 -0.014735 -0.009756 0.948916 0.315034
48.306712 -882.239746 571.223328 4.697527 -0.015081 -0.009120 0.949068 0.314578
48.410381 -884.323364 572.792725 4.669549 -0.015319 -0.009229 0.949215 0.314120
48.514019 -886.416565 574.363525 4.638694 -0.015581 -0.009543 0.949342 0.313713
48.617636 -888.503540 575.927429 4.608747 -0.015410 -0.009807 0.949467 0.313336
48.721265 -890.589661 577.488281 4.581183 -0.015387 -0.010427 0.949561 0.313030
48.824877 -892.674866 579.047424 4.552752 -0.015414 -0.010657 0.949651 0.312748
48.928492 -894.752380 580.601318 4.525408 -0.015014 -0.010475 0.949738 0.312509
49.032116 -896.837952 582.160583 4.500150 -0.014077 -0.010215 0.949832 0.312275
49.135744 -898.924133 583.720398 4.477698 -0.014330 -0.009743 0.949889 0.312106
49.239351 -901.015320 585.272827 4.451382 -0.015698 -0.008804 0.949939 0.311916
49.342972 -903.104919 586.818542 4.410496 -0.016210 -0.009459 0.949946 0.311849
49.446606 -905.188904 588.355896 4.376618 -0.013250 -0.011807 0.949987 0.311785
49.550204 -907.272095 589.896423 4.363329 -0.010783 -0.013161 0.950017 0.311734
49.653807 -909.362122 591.442139 4.350989 -0.013080 -0.013101 0.950004 0.311689
49.757420 -911.453430 592.988525 4.322623 -0.016372 -0.011930 0.949995 0.311606
49.861047 -913.541565 594.535217 4.281680 -0.017427 -0.011153 0.950026 0.311483
49.964652 -915.622131 596.075256 4.236794 -0.017013 -0.010591 0.950122 0.311235
50.068249 -917.709839 597.622498 4.193242 -0.016609 -0.010016 0.950239 0.310917
50.171889 -919.798279 599.165649 4.151313 -0.017219 -0.009781 0.950336 0.310595
50.275558 -921.888611 600.708252 4.107243 -0.017875 -0.009993 0.950437 0.310243
50.379206 -923.983337 602.249573 4.061118 -0.018297 -0.010197 0.950540 0.309896
50.482848 -926.075745 603.790466 4.015082 -0.017090 -0.010383 0.950736 0.309356
50.586516 -928.171997 605.331970 3.970583 -0.016794 -0.010194 0.950912 0.308837
50.690211 -930.271912 606.873413 3.928476 -0.016895 -0.009687 0.951125 0.308190
50.793904 -932.375610 608.413025 3.885612 -0.017031 -0.009538 0.951298 0.307655
50.897594 -934.477417 609.946716 3.840709 -0.016659 -0.009505 0.951462 0.307169
51.001288 -936.584961 611.479553 3.797548 -0.016565 -0.009687 0.951643 0.306606
51.104960 -938.697815 613.012512 3.754245 -0.017491 -0.009732 0.951772 0.306152
51.208653 -940.808044 614.543335 3.713115 -0.017568 -0.009325 0.951905 0.305747
51.312344 -942.922668 616.073792 3.669400 -0.018570 -0.009044 0.952029 0.305309
51.416013 -945.036621 617.600769 3.619067 -0.020669 -0.008425 0.952121 0.304904
51.519684 -947.158630 619.129211 3.560364 -0.022117 -0.008965 0.952197 0.304552
51.623351 -949.274414 620.651062 3.492980 -0.022549 -0.009370 0.952238 0.304380
51.727019 -951.386169 622.172302 3.429445 -0.021243 -0.009302 0.952303 0.304271
51.830691 -953.500427 623.698853 3.371252 -0.020084 -0.008207 0.952374 0.304160
51.934386 -955.612976 625.222351 3.316861 -0.019806 -0.007461 0.952394 0.304134
52.038101 -957.733398 626.747498 3.262042 -0.019755 -0.007757 0.952391 0.304139
52.141819 -959.853577 628.266602 3.206279 -0.020490 -0.009394 0.952339 0.304207
52.245511 -961.973450 629.786926 3.149512 -0.019924 -0.010486 0.952295 0.304346
52.349202 -964.090698 631.310913 3.094479 -0.019412 -0.009964 0.952317 0.304329
52.452872 -966.207764 632.838806 3.041323 -0.019725 -0.008384 0.952355 0.304239
52.556514 -968.325012 634.367432 2.987218 -0.019312 -0.007331 0.952425 0.304073
52.660184 -970.442932 635.894653 2.932202 -0.018659 -0.006908 0.952484 0.303937
52.763833 -972.562866 637.419983 2.879154 -0.018738 -0.006745 0.952528 0.303799
52.867453 -974.682861 638.943420 2.825904 -0.019018 -0.006605 0.952591 0.303588
52.971098 -976.801880 640.463623 2.772791 -0.018889 -0.006726 0.952692 0.303275
53.074769 -978.922180 641.982361 2.721665 -0.018341 -0.007233 0.952805 0.302941
53.178413 -981.040833 643.498413 2.673928 -0.018190 -0.007522 0.952910 0.302614
53.282034 -983.158997 645.012085 2.627566 -0.018550 -0.007330 0.953005 0.302297
53.385656 -985.276855 646.523132 2.579532 -0.019492 -0.007076 0.953085 0.301991
53.489277 -987.397278 648.033081 2.526598 -0.020545 -0.007086 0.953157 0.301694
53.592916 -989.516052 649.538269 2.469708 -0.021067 -0.007819 0.953176 0.301582
53.696585 -991.631165 651.040161 2.413030 -0.020130 -0.008639 0.953248 0.301394
53.800260 -993.745422 652.539612 2.359595 -0.019510 -0.009521 0.953318 0.301186
53.903929 -995.854492 654.038147 2.308045 -0.019503 -0.009061 0.953394 0.300960
54.007597 -997.965820 655.539978 2.255472 -0.019717 -0.008377 0.953462 0.300752
54.111280 -1000.073547 657.037659 2.204813 -0.019154 -0.008154 0.953542 0.300539
54.214950 -1002.178650 658.533752 2.156680 -0.018977 -0.007523 0.953586 0.300429
54.318603 -1004.281311 660.026855 2.109128 -0.019312 -0.006548 0.953638 0.300264
54.422270 -1006.376587 661.515076 2.062129 -0.018487 -0.005584 0.953734 0.300030
54.525950 -1008.478149 663.004944 2.014616 -0.018434 -0.005047 0.953858 0.299648
54.629618 -1010.575928 664.487427 1.965089 -0.019058 -0.005186 0.953953 0.299306
54.733259 -1012.673035 665.961304 1.913670 -0.019186 -0.006991 0.954051 0.298947
54.836881 -1014.771790 667.429138 1.860969 -0.020141 -0.009267 0.954093 0.298689
54.940501 -1016.863159 668.889465 1.807718 -0.020025 -0.011122 0.954181 0.298351
55.044147 -1018.962402 670.355225 1.758318 -0.019248 -0.012456 0.954324 0.297892
55.147815 -1021.056702 671.820129 1.711934 -0.018731 -0.011954 0.954520 0.297316
55.251485 -1023.152466 673.285522 1.666648 -0.019222 -0.011011 0.954727 0.296659
55.355155 -1025.247681 674.747375 1.617548 -0.019462 -0.010021 0.954949 0.295960
55.458822 -1027.342163 676.204346 1.565758 -0.019665 -0.009223 0.955143 0.295347
55.562492 -1029.435791 677.654297 1.515589 -0.018731 -0.009726 0.955323 0.294811
55.666159 -1031.532349 679.099365 1.470166 -0.017641 -0.010291 0.955467 0.294392
55.769805 -1033.628540 680.542908 1.428695 -0.016999 -0.009904 0.955611 0.293973
55.873428 -1035.726196 681.988220 1.385680 -0.018039 -0.008472 0.955777 0.293415
55.977050 -1037.827026 683.433777 1.334366 -0.019871 -0.007425 0.955868 0.293031
56.080671 -1039.931396 684.872131 1.274848 -0.020538 -0.007982 0.955985 0.292587
56.184267 -1042.035034 686.300293 1.212987 -0.021426 -0.010097 0.956026 0.292324
56.287866 -1044.136597 687.724487 1.152909 -0.021362 -0.012135 0.956048 0.292180
56.391462 -1046.235718 689.151001 1.097044 -0.021036 -0.012874 0.956098 0.292006
56.495035 -1048.337158 690.579407 1.044168 -0.020262 -0.013166 0.956171 0.291811
56.598633 -1050.436646 692.007446 0.994742 -0.019578 -0.012835 0.956224 0.291699
56.702258 -1052.534912 693.436401 0.947843 -0.019100 -0.012093 0.956269 0.291613
56.805902 -1054.632690 694.867798 0.902219 -0.018595 -0.010556 0.956318 0.291544
56.909541 -1056.727173 696.296997 0.858341 -0.018581 -0.009477 0.956373 0.291402
57.013133 -1058.833862 697.727478 0.809035 -0.019941 -0.009485 0.956378 0.291296
57.116723 -1060.934204 699.151672 0.755967 -0.019924 -0.009639 0.956414 0.291173
57.220326 -1063.031860 700.573853 0.705256 -0.018157 -0.009620 0.956578 0.290751
57.323920 -1065.127930 701.998230 0.660629 -0.016190 -0.008107 0.956809 0.290153
57.427539 -1067.225098 703.417480 0.623122 -0.015308 -0.007502 0.957093 0.289278
57.531167 -1069.334961 704.839844 0.586028 -0.016228 -0.006769 0.957231 0.288790
57.634792 -1071.440308 706.252625 0.543526 -0.015361 -0.006818 0.957393 0.288297
57.738416 -1073.554321 707.661560 0.498881 -0.018120 -0.007553 0.957457 0.287908
57.842061 -1075.671265 709.073486 0.443060 -0.020345 -0.007490 0.957487 0.287661
57.945730 -1077.781128 710.483215 0.380056 -0.020916 -0.006786 0.957592 0.287286
58.049378 -1079.894165 711.895081 0.316761 -0.019813 -0.006642 0.957793 0.286699
58.153000 -1082.003662 713.297729 0.261698 -0.018299 -0.007012 0.957987 0.286141
58.256620 -1084.118896 714.698242 0.214303 -0.018250 -0.007433 0.958146 0.285601
58.360239 -1086.235352 716.097473 0.165874 -0.018658 -0.007325 0.958284 0.285115
58.463883 -1088.353149 717.496216 0.114585 -0.018880 -0.007244 0.958432 0.284605
58.567574 -1090.473267 718.890564 0.063321 -0.019506 -0.007246 0.958559 0.284133
58.671267 -1092.596924 720.284180 0.009701 -0.020165 -0.007013 0.958679 0.283686
58.774962 -1094.719482 721.672302 -0.044611 -0.020060 -0.007188 0.958815 0.283231
58.878681 -1096.841675 723.058167 -0.098397 -0.019217 -0.007269 0.958976 0.282742
58.982370 -1098.975220 724.447998 -0.150556 -0.018938 -0.007526 0.959134 0.282216
59.086065 -1101.110596 725.839050 -0.205714 -0.019416 -0.007914 0.959264 0.281731
59.189786 -1103.247803 727.229126 -0.261742 -0.019605 -0.007893 0.959387 0.281300
59.293477 -1105.384766 728.615845 -0.317088 -0.018788 -0.007694 0.959553 0.280795
59.397169 -1107.522583 729.999023 -0.368820 -0.018042 -0.008163 0.959737 0.280201
59.500862 -1109.668945 731.383240 -0.417688 -0.017876 -0.008439 0.959896 0.279660
59.604557 -1111.816895 732.766479 -0.463603 -0.017408 -0.008449 0.960037 0.279205
59.708273 -1113.968872 734.149719 -0.506832 -0.016973 -0.008456 0.960187 0.278714
59.811993 -1116.122559 735.530701 -0.549716 -0.016978 -0.008269 0.960309 0.278300
59.915686 -1118.279907 736.911438 -0.593451 -0.017229 -0.008116 0.960435 0.277853
60.019352 -1120.442017 738.292053 -0.640692 -0.017394 -0.008252 0.960539 0.277477
60.123009 -1122.604126 739.668884 -0.688523 -0.017972 -0.008707 0.960580 0.277285
60.226667 -1124.770020 741.046326 -0.737515 -0.018036 -0.009247 0.960602 0.277189
60.330312 -1126.936646 742.421692 -0.786207 -0.018019 -0.009870 0.960575 0.277262
60.433982 -1129.103882 743.798706 -0.835082 -0.018508 -0.009861 0.960520 0.277420
60.537683 -1131.273926 745.178711 -0.886020 -0.018510 -0.009661 0.960478 0.277571
60.641364 -1133.444092 746.557312 -0.939113 -0.017779 -0.009632 0.960468 0.277654
60.745011 -1135.617188 747.938477 -0.990879 -0.018252 -0.009195 0.960446 0.277715
60.848658 -1137.790161 749.316650 -1.044630 -0.018236 -0.008646 0.960426 0.277804
60.952327 -1139.962769 750.698792 -1.097107 -0.016854 -0.008581 0.960424 0.277898
61.055971 -1142.142090 752.081421 -1.146813 -0.017077 -0.008368 0.960398 0.277983
61.159592 -1144.322632 753.467529 -1.196914 -0.018063 -0.008566 0.960350 0.278079
61.263211 -1146.504883 754.855469 -1.250900 -0.017958 -0.008470 0.960338 0.278130
61.366830 -1148.685669 756.245544 -1.306248 -0.017053 -0.008223 0.960387 0.278027
61.470452 -1150.869385 757.635620 -1.355840 -0.015844 -0.007885 0.960505 0.277698
61.574099 -1153.060547 759.027832 -1.400593 -0.016124 -0.007421 0.960604 0.277352
61.677758 -1155.258667 760.423157 -1.446096 -0.017086 -0.007117 0.960672 0.277070
61.781412 -1157.459717 761.821594 -1.500531 -0.018896 -0.006621 0.960678 0.276941
61.885057 -1159.660034 763.217896 -1.561738 -0.019663 -0.006479 0.960683 0.276873
61.988669 -1161.865967 764.616150 -1.625422 -0.019698 -0.006893 0.960719 0.276736
62.092284 -1164.076172 766.015503 -1.689173 -0.019010 -0.007656 0.960769 0.276592
62.195906 -1166.288574 767.416321 -1.749979 -0.018566 -0.007935 0.960825 0.276419
62.299523 -1168.503784 768.819702 -1.808419 -0.018698 -0.007708 0.960913 0.276111
62.403137 -1170.720215 770.222656 -1.864235 -0.018224 -0.007675 0.961044 0.275688
62.506735 -1172.946533 771.629272 -1.920556 -0.017553 -0.007564 0.961207 0.275166
62.610314 -1175.171997 773.033386 -1.974198 -0.016866 -0.007526 0.961329 0.274782
62.713887 -1177.403320 774.436890 -2.025320 -0.016962 -0.007383 0.961460 0.274321
62.817483 -1179.637695 775.838684 -2.075949 -0.017482 -0.006901 0.961567 0.273928
62.921104 -1181.869019 777.236816 -2.125395 -0.017431 -0.006791 0.961669 0.273575
63.024701 -1184.114380 778.640808 -2.176838 -0.017702 -0.006590 0.961757 0.273251
63.128293 -1186.355957 780.037842 -2.228568 -0.018332 -0.006829 0.961846 0.272893
63.231891 -1188.601807 781.434814 -2.282404 -0.018185 -0.006896 0.961970 0.272462
63.335493 -1190.851807 782.834717 -2.333644 -0.018176 -0.006505 0.962112 0.271971
63.439065 -1193.101318 784.232849 -2.386051 -0.017829 -0.006288 0.962330 0.271226
63.542613 -1195.356567 785.632141 -2.434551 -0.016952 -0.006450 0.962598 0.270327
63.646187 -1197.616943 787.026062 -2.481189 -0.016241 -0.006740 0.962850 0.269463
63.749785 -1199.881348 788.417053 -2.523035 -0.015313 -0.006858 0.963108 0.268593
63.853381 -1202.152344 789.807739 -2.563243 -0.015023 -0.006820 0.963335 0.267793
63.956953 -1204.422607 791.191650 -2.603467 -0.015388 -0.006655 0.963521 0.267107
64.060526 -1206.705811 792.578613 -2.645741 -0.015891 -0.007204 0.963650 0.266598
64.164124 -1208.990845 793.961121 -2.691442 -0.015498 -0.007973 0.963735 0.266291
64.267721 -1211.277710 795.342651 -2.736283 -0.014697 -0.008722 0.963834 0.265953
64.371318 -1213.566284 796.721252 -2.776442 -0.014065 -0.009053 0.963933 0.265620
64.474917 -1215.863037 798.105591 -2.813194 -0.013492 -0.008732 0.964032 0.265301
64.578515 -1218.165161 799.489990 -2.847702 -0.013655 -0.008364 0.964130 0.264946
64.682132 -1220.468140 800.872925 -2.882307 -0.013851 -0.008083 0.964202 0.264684
64.785741 -1222.777710 802.256653 -2.917358 -0.014108 -0.008196 0.964290 0.264346
64.889356 -1225.088745 803.637817 -2.954797 -0.014663 -0.008407 0.964373 0.264006
64.993009 -1227.408569 805.021790 -2.995899 -0.015186 -0.008472 0.964455 0.263673
65.096661 -1229.730957 806.406128 -3.039172 -0.015653 -0.008477 0.964543 0.263323
65.200288 -1232.057495 807.792053 -3.086778 -0.016598 -0.007788 0.964634 0.262955
65.303939 -1234.384277 809.176453 -3.136612 -0.016328 -0.007414 0.964742 0.262587
65.407605 -1236.709961 810.555786 -3.184793 -0.014881 -0.007991 0.964862 0.262215
65.511288 -1239.050049 811.939880 -3.224305 -0.012193 -0.009003 0.964995 0.261830
65.614982 -1241.385864 813.319397 -3.250462 -0.008977 -0.009846 0.965137 0.261407
65.718659 -1243.731689 814.702209 -3.262536 -0.008283 -0.009855 0.965276 0.260915
65.822351 -1246.083618 816.086548 -3.273763 -0.009614 -0.009253 0.965374 0.260529
65.926068 -1248.434448 817.467102 -3.291466 -0.010142 -0.009251 0.965458 0.260197
66.029762 -1250.798950 818.852112 -3.315109 -0.011629 -0.009108 0.965495 0.260001
66.133456 -1253.159424 820.233398 -3.342057 -0.012618 -0.009064 0.965535 0.259808
66.237148 -1255.521118 821.614685 -3.370448 -0.012824 -0.008809 0.965602 0.259560
66.340824 -1257.883179 822.994629 -3.399545 -0.012851 -0.008724 0.965670 0.259307
66.444498 -1260.245728 824.372437 -3.427515 -0.012336 -0.008879 0.965763 0.258982
66.548111 -1262.609253 825.748291 -3.453134 -0.011859 -0.009184 0.965845 0.258686
66.651704 -1264.972290 827.122803 -3.474728 -0.010968 -0.009414 0.965922 0.258431
66.755325 -1267.336426 828.495972 -3.492806 -0.010442 -0.009289 0.966017 0.258101
66.858921 -1269.701416 829.867859 -3.508386 -0.010839 -0.009156 0.966091 0.257813
66.962492 -1272.067871 831.237366 -3.526286 -0.011283 -0.009277 0.966173 0.257480
67.066088 -1274.437378 832.606445 -3.544794 -0.011096 -0.009378 0.966239 0.257238
67.169712 -1276.806274 833.973572 -3.562352 -0.011182 -0.009401 0.966304 0.256988
67.273335 -1279.170898 835.337646 -3.579690 -0.010652 -0.009270 0.966399 0.256660
67.376933 -1281.535034 836.699524 -3.594410 -0.009844 -0.009306 0.966501 0.256304
67.480526 -1283.906128 838.062622 -3.604624 -0.008989 -0.009329 0.966584 0.256023
67.584147 -1286.277832 839.423767 -3.611400 -0.008739 -0.009387 0.966645 0.255798
67.687748 -1288.648438 840.781128 -3.616117 -0.009043 -0.009569 0.966719 0.255500
67.791335 -1291.021851 842.139099 -3.622608 -0.010027 -0.009333 0.966793 0.255192
67.894884 -1293.387939 843.492798 -3.633676 -0.009885 -0.008682 0.966882 0.254884
67.998419 -1295.761719 844.842468 -3.659243 -0.009048 -0.008634 0.966987 0.254517
68.101993 -1298.135498 846.186584 -3.677577 -0.009048 -0.008821 0.967072 0.254190
68.205565 -1300.515869 847.539612 -3.707815 -0.009170 -0.009259 0.967127 0.253958
68.309136 -1302.894409 848.880859 -3.711935 -0.008649 -0.009725 0.967202 0.253673
68.412710 -1305.265991 850.224304 -3.704589 -0.007392 -0.010421 0.967291 0.253346
68.516305 -1307.644531 851.570740 -3.692323 -0.006468 -0.010804 0.967357 0.253103
68.619901 -1310.022339 852.915161 -3.675570 -0.006819 -0.010625 0.967427 0.252836
68.723477 -1312.398315 854.257141 -3.661156 -0.007378 -0.009928 0.967495 0.252589
68.827048 -1314.775635 855.596619 -3.648822 -0.007971 -0.009669 0.967557 0.252343
68.930595 -1317.147827 856.931152 -3.641583 -0.007321 -0.010193 0.967616 0.252113
69.034171 -1319.530273 858.270264 -3.630578 -0.006584 -0.010812 0.967681 0.251859
69.137795 -1321.909058 859.607056 -3.621065 -0.006209 -0.011006 0.967729 0.251676
69.241417 -1324.288086 860.943176 -3.607695 -0.005683 -0.010997 0.967801 0.251411
69.345036 -1326.669067 862.278625 -3.591475 -0.005662 -0.010902 0.967882 0.251106
69.448660 -1329.046021 863.610229 -3.575103 -0.006067 -0.010484 0.967955 0.250833
69.552283 -1331.426392 864.942566 -3.559872 -0.006410 -0.010397 0.968035 0.250519
69.655877 -1333.800659 866.269348 -3.547119 -0.006332 -0.010634 0.968106 0.250234
69.759449 -1336.172852 867.591248 -3.535367 -0.006398 -0.010806 0.968165 0.249996
69.863046 -1338.542236 868.911255 -3.522633 -0.005903 -0.010821 0.968237 0.249730
69.966666 -1340.911499 870.229675 -3.509675 -0.006088 -0.010967 0.968312 0.249428
70.070290 -1343.279419 871.545532 -3.496526 -0.005971 -0.010996 0.968373 0.249194
70.173944 -1345.645752 872.858398 -3.484864 -0.005717 -0.011069 0.968451 0.248891
70.277611 -1348.011353 874.168884 -3.472930 -0.005463 -0.010989 0.968525 0.248615
70.381270 -1350.372192 875.474792 -3.458506 -0.004615 -0.010697 0.968640 0.248194
70.484940 -1352.741211 876.782593 -3.441829 -0.004239 -0.010557 0.968765 0.247721
70.588608 -1355.108521 878.085693 -3.421790 -0.003452 -0.010724 0.968899 0.247198
70.692277 -1357.477051 879.385559 -3.398202 -0.003095 -0.010924 0.969001 0.246797
70.795946 -1359.844604 880.682129 -3.371166 -0.002336 -0.011330 0.969095 0.246416
70.899615 -1362.211670 881.975403 -3.340754 -0.002315 -0.011820 0.969191 0.246016
71.003287 -1364.587158 883.270447 -3.309700 -0.002467 -0.012248 0.969274 0.245665
71.106957 -1366.961182 884.562439 -3.277311 -0.002777 -0.012504 0.969369 0.245274
71.210624 -1369.333984 885.851868 -3.246880 -0.002713 -0.012491 0.969483 0.244826
71.314317 -1371.707886 887.138794 -3.215476 -0.003029 -0.012331 0.969601 0.244361
71.418038 -1374.077148 888.422974 -3.185807 -0.002992 -0.012231 0.969708 0.243944
71.521760 -1376.449463 889.706665 -3.156286 -0.002628 -0.011834 0.969814 0.243546
71.625453 -1378.818604 890.985413 -3.124465 -0.002567 -0.011572 0.969924 0.243121
71.729138 -1381.185303 892.261353 -3.092452 -0.002538 -0.011169 0.970033 0.242703
71.832820 -1383.548096 893.531799 -3.058109 -0.001787 -0.011196 0.970152 0.242233
71.936514 -1385.905029 894.796326 -3.022572 -0.001343 -0.011248 0.970262 0.241793
72.040216 -1388.268066 896.061890 -2.985013 -0.000780 -0.011431 0.970372 0.241344
72.143887 -1390.624023 897.322205 -2.944087 -0.000076 -0.011158 0.970489 0.240886
72.247577 -1392.983521 898.581665 -2.900015 0.000141 -0.010955 0.970606 0.240426
72.351246 -1395.346313 899.836792 -2.858737 -0.000258 -0.011156 0.970689 0.240082
72.454895 -1397.704590 901.089783 -2.817850 -0.000099 -0.011582 0.970747 0.239826
72.558564 -1400.067017 902.340881 -2.777734 0.000222 -0.011821 0.970811 0.239554
72.662252 -1402.428589 903.592041 -2.736393 0.000990 -0.012222 0.970872 0.239284
72.765968 -1404.789795 904.840515 -2.690670 0.001754 -0.012577 0.970949 0.238950
72.869666 -1407.147217 906.085999 -2.639102 0.001991 -0.012526 0.971020 0.238663
72.973340 -1409.508667 907.331238 -2.584769 0.001960 -0.012521 0.971099 0.238342
73.077010 -1411.875366 908.576477 -2.530532 0.001148 -0.012639 0.971162 0.238083
73.180652 -1414.234497 909.816589 -2.480213 0.001320 -0.012946 0.971219 0.237833
73.284295 -1416.591064 911.053772 -2.430732 0.001778 -0.012946 0.971289 0.237544
73.387955 -1418.944824 912.289001 -2.381863 0.001531 -0.012882 0.971392 0.237127
73.491624 -1421.303223 913.521851 -2.331807 0.001570 -0.013078 0.971465 0.236815
73.595301 -1423.657715 914.750305 -2.280712 0.001753 -0.013271 0.971519 0.236585
73.698975 -1426.011475 915.973938 -2.228479 0.001492 -0.013380 0.971582 0.236321
73.802645 -1428.361816 917.194885 -2.177859 0.001092 -0.013111 0.971651 0.236055
73.906285 -1430.709351 918.412964 -2.127889 0.000718 -0.012774 0.971733 0.235735
74.009955 -1433.056152 919.629272 -2.076936 0.000505 -0.012567 0.971813 0.235418
74.113653 -1435.395874 920.841919 -2.027706 0.000536 -0.012244 0.971894 0.235099
74.217298 -1437.733398 922.050110 -1.970021 0.000667 -0.012321 0.971973 0.234767
74.320938 -1440.069458 923.255920 -1.906525 0.000589 -0.012490 0.972035 0.234503
74.424610 -1442.403076 924.457703 -1.845783 0.000901 -0.012688 0.972129 0.234101
74.528281 -1444.734497 925.658447 -1.782310 0.001056 -0.012593 0.972194 0.233834
74.631947 -1447.062988 926.854309 -1.716844 0.000979 -0.012689 0.972264 0.233540
74.735616 -1449.387695 928.045776 -1.650578 0.000886 -0.012744 0.972337 0.233234
74.839261 -1451.707031 929.231995 -1.594914 0.000662 -0.012731 0.972380 0.233054
74.942905 -1454.019531 930.413818 -1.542635 0.000484 -0.013030 0.972383 0.233024
75.046598 -1456.334229 931.595581 -1.498909 -0.000162 -0.013163 0.972370 0.233073
75.150291 -1458.642456 932.775146 -1.457368 -0.000624 -0.012774 0.972348 0.233185
75.253984 -1460.945068 933.950562 -1.413320 -0.000836 -0.012726 0.972335 0.233243
75.357707 -1463.244019 935.122925 -1.371747 -0.001140 -0.012839 0.972338 0.233221
75.461399 -1465.535767 936.291321 -1.330269 -0.000787 -0.013200 0.972350 0.233153
75.565063 -1467.823242 937.457092 -1.290538 -0.000767 -0.013408 0.972364 0.233081
75.668685 -1470.107178 938.620300 -1.259944 -0.001475 -0.013389 0.972382 0.233008
75.772281 -1472.382935 939.780212 -1.226361 -0.001100 -0.012907 0.972423 0.232862
75.875905 -1474.652344 940.935608 -1.187325 -0.000065 -0.012996 0.972501 0.232535
75.979500 -1476.926392 942.090881 -1.145349 -0.000342 -0.012789 0.972578 0.232226
76.083073 -1479.195435 943.242249 -1.104735 -0.001025 -0.012014 0.972666 0.231895
76.186646 -1481.462646 944.391174 -1.067288 -0.001820 -0.011540 0.972737 0.231615
76.290218 -1483.723389 945.534729 -1.033621 -0.001156 -0.011627 0.972813 0.231298
76.393794 -1485.979370 946.674194 -0.996913 -0.000583 -0.011517 0.972882 0.231014
76.497366 -1488.237793 947.812683 -0.959248 -0.000067 -0.011565 0.972967 0.230653
76.600962 -1490.495239 948.947632 -0.917494 -0.000564 -0.011686 0.973031 0.230376
76.704560 -1492.750610 950.079590 -0.878950 -0.001476 -0.011576 0.973102 0.230077
76.808158 -1495.001465 951.209290 -0.849338 -0.001929 -0.011450 0.973163 0.229824
76.911755 -1497.247681 952.333984 -0.818819 -0.002338 -0.011543 0.973238 0.229499
77.015351 -1499.494995 953.457642 -0.787097 -0.002159 -0.011478 0.973311 0.229193
77.118970 -1501.733276 954.575012 -0.753138 -0.000761 -0.011706 0.973392 0.228844
77.222592 -1503.970215 955.690796 -0.715590 0.000527 -0.011849 0.973482 0.228456
77.326214 -1506.206909 956.802185 -0.672708 -0.000117 -0.011871 0.973569 0.228083
77.429836 -1508.442261 957.911743 -0.635359 -0.001478 -0.011776 0.973639 0.227786
77.533457 -1510.676514 959.018616 -0.603217 -0.003255 -0.011535 0.973705 0.227498
77.637103 -1512.904053 960.120483 -0.578164 -0.003546 -0.011375 0.973773 0.227211
77.740748 -1515.125732 961.217102 -0.553214 -0.002819 -0.011815 0.973835 0.226934
77.844393 -1517.343140 962.310303 -0.522455 -0.001839 -0.012147 0.973932 0.226509
77.948039 -1519.553467 963.400330 -0.488969 -0.001385 -0.011451 0.974030 0.226126
78.051691 -1521.768921 964.489868 -0.452852 -0.001800 -0.011141 0.974123 0.225735
78.155360 -1523.977295 965.572266 -0.417066 -0.002420 -0.011653 0.974170 0.225501
78.259000 -1526.182495 966.650696 -0.384107 -0.003085 -0.012024 0.974141 0.225598
78.362641 -1528.381348 967.726624 -0.353250 -0.003479 -0.012513 0.974074 0.225856
78.466284 -1530.576782 968.801819 -0.326349 -0.004523 -0.012662 0.973967 0.226290
78.569927 -1532.765381 969.878113 -0.302449 -0.004542 -0.012398 0.973871 0.226716
78.673571 -1534.948486 970.953796 -0.279087 -0.004022 -0.012319 0.973784 0.227106
78.777196 -1537.126221 972.028259 -0.254894 -0.003623 -0.012706 0.973694 0.227478
78.880815 -1539.296875 973.101746 -0.230011 -0.003781 -0.012760 0.973614 0.227815
78.984484 -1541.472290 974.178955 -0.206095 -0.003782 -0.013005 0.973536 0.228132
79.088132 -1543.642456 975.256958 -0.182134 -0.004290 -0.012884 0.973452 0.228488
79.191755 -1545.807251 976.334900 -0.159270 -0.004010 -0.012587 0.973374 0.228840
79.295398 -1547.969604 977.412781 -0.137768 -0.003607 -0.012595 0.973308 0.229130
79.399042 -1550.124878 978.488831 -0.113866 -0.003452 -0.012632 0.973221 0.229496
79.502688 -1552.287476 979.570801 -0.088662 -0.003404 -0.012318 0.973126 0.229918
79.606334 -1554.442017 980.650085 -0.063513 -0.003405 -0.012230 0.972991 0.230494
79.709978 -1556.593140 981.730652 -0.037627 -0.003988 -0.012483 0.972766 0.231417
79.813622 -1558.739624 982.812744 -0.013560 -0.004590 -0.012772 0.972468 0.232641
79.917268 -1560.877319 983.895935 0.009052 -0.005107 -0.013295 0.972134 0.233994
80.020923 -1563.015137 984.986694 0.030543 -0.005487 -0.013357 0.971809 0.235326
80.124569 -1565.141113 986.079102 0.050757 -0.005616 -0.013142 0.971488 0.236658
80.228206 -1567.262207 987.176147 0.070543 -0.005708 -0.013214 0.971176 0.237927
80.331873 -1569.374512 988.275146 0.091177 -0.005596 -0.013662 0.970841 0.239270
80.435567 -1571.480225 989.376709 0.113512 -0.005463 -0.014037 0.970472 0.240742
80.539261 -1573.580200 990.483337 0.135143 -0.005500 -0.014409 0.970074 0.242321
80.642930 -1575.670654 991.594238 0.158557 -0.005939 -0.014300 0.969679 0.243890
80.746606 -1577.753418 992.711121 0.179630 -0.006236 -0.013523 0.969377 0.245125
80.850275 -1579.830444 993.831909 0.197057 -0.006862 -0.013199 0.969089 0.246264
80.953937 -1581.893311 994.951294 0.213549 -0.006801 -0.013155 0.968812 0.247355
81.057606 -1583.958740 996.077515 0.229329 -0.006753 -0.013382 0.968543 0.248393
81.161272 -1586.012939 997.203003 0.244918 -0.006808 -0.013565 0.968279 0.249411
81.264917 -1588.060181 998.331970 0.260452 -0.007336 -0.013377 0.968026 0.250387
81.368541 -1590.093506 999.460510 0.274845 -0.006727 -0.012802 0.967885 0.250975
81.472138 -1592.125732 1000.593750 0.289491 -0.006569 -0.011835 0.967807 0.251331
81.575713 -1594.149658 1001.724731 0.305834 -0.006084 -0.011253 0.967745 0.251607
81.679289 -1596.167236 1002.851074 0.324867 -0.005068 -0.011505 0.967649 0.251988
81.782888 -1598.179443 1003.975525 0.346681 -0.004661 -0.012297 0.967553 0.252324
81.886509 -1600.185669 1005.098328 0.370026 -0.004569 -0.012623 0.967462 0.252661
81.990145 -1602.190186 1006.223389 0.396004 -0.004383 -0.012543 0.967389 0.252947
82.093810 -1604.185791 1007.345642 0.423021 -0.003742 -0.012370 0.967329 0.253194
82.197486 -1606.178345 1008.466614 0.450601 -0.004201 -0.012170 0.967300 0.253309
82.301131 -1608.165771 1009.583862 0.475535 -0.004806 -0.012208 0.967285 0.253354
82.404777 -1610.139771 1010.695251 0.498792 -0.004258 -0.012293 0.967315 0.253244
82.508425 -1612.118408 1011.810486 0.522530 -0.004577 -0.012178 0.967384 0.252979
82.612072 -1614.091797 1012.918457 0.543946 -0.005334 -0.012576 0.967518 0.252434
82.715738 -1616.060181 1014.024353 0.563708 -0.006127 -0.011707 0.967661 0.251907
82.819399 -1618.026489 1015.124451 0.578347 -0.007837 -0.010713 0.967905 0.250966
82.923063 -1619.988037 1016.216614 0.583093 -0.009040 -0.010129 0.968149 0.250008
83.026759 -1621.949463 1017.302490 0.583245 -0.009471 -0.010548 0.968348 0.249200
83.130454 -1623.902832 1018.377258 0.585456 -0.008109 -0.012172 0.968614 0.248141
83.234101 -1625.846558 1019.447021 0.595546 -0.003987 -0.011423 0.968959 0.246926
83.337758 -1627.796021 1020.513489 0.617039 -0.002439 -0.010607 0.969351 0.245440
83.441429 -1629.750732 1021.574585 0.639940 -0.004130 -0.009386 0.969738 0.243932
83.545111 -1631.705566 1022.626587 0.654196 -0.004891 -0.008902 0.970137 0.242345
83.648826 -1633.663208 1023.668823 0.662104 -0.006181 -0.008975 0.970458 0.241024
83.752549 -1635.622803 1024.704834 0.667396 -0.007340 -0.009330 0.970727 0.239891
83.856266 -1637.578369 1025.734131 0.670892 -0.007158 -0.009275 0.970962 0.238948
83.959960 -1639.529175 1026.758301 0.676547 -0.006619 -0.008427 0.971180 0.238107
84.063630 -1641.487427 1027.781006 0.681977 -0.007502 -0.007834 0.971399 0.237204
84.167298 -1643.443604 1028.794556 0.682760 -0.007885 -0.008619 0.971563 0.236494
84.270975 -1645.398071 1029.802002 0.682640 -0.008172 -0.009730 0.971628 0.236175
84.374646 -1647.346436 1030.803955 0.683689 -0.007871 -0.010765 0.971654 0.236031
84.478308 -1649.299072 1031.806763 0.686843 -0.008113 -0.011702 0.971697 0.235800
84.581978 -1651.248901 1032.808350 0.690455 -0.008530 -0.012123 0.971732 0.235620
84.685622 -1653.194336 1033.808838 0.693516 -0.008982 -0.012184 0.971748 0.235534
84.789262 -1655.136353 1034.808594 0.694974 -0.008827 -0.011759 0.971758 0.235520
84.892933 -1657.072266 1035.803711 0.696071 -0.008841 -0.011940 0.971765 0.235484
84.996608 -1659.007812 1036.798462 0.697307 -0.008612 -0.011956 0.971762 0.235504
85.100276 -1660.939087 1037.791016 0.699715 -0.008244 -0.012074 0.971757 0.235529
85.203933 -1662.866455 1038.782471 0.703771 -0.008301 -0.011710 0.971781 0.235449
85.307606 -1664.792358 1039.773193 0.706641 -0.008819 -0.011177 0.971846 0.235186
85.411297 -1666.715942 1040.761963 0.706852 -0.009562 -0.010570 0.971927 0.234851
85.514984 -1668.636841 1041.746338 0.705054 -0.009459 -0.010668 0.972014 0.234491
85.618637 -1670.553589 1042.728027 0.702324 -0.009824 -0.010163 0.972081 0.234220
85.722291 -1672.468262 1043.704468 0.698563 -0.010195 -0.010783 0.972189 0.233726
85.825975 -1674.381348 1044.679565 0.693191 -0.010411 -0.010720 0.972278 0.233350
85.929640 -1676.288574 1045.649658 0.686000 -0.010956 -0.010247 0.972434 0.232693
86.033302 -1678.198120 1046.620361 0.677984 -0.010061 -0.009782 0.972647 0.231865
86.136969 -1680.099731 1047.583740 0.672455 -0.008370 -0.009402 0.972885 0.230946
86.240668 -1682.004639 1048.541870 0.672855 -0.007982 -0.009672 0.973088 0.230093
86.344414 -1683.912476 1049.496582 0.673092 -0.009677 -0.009680 0.973256 0.229313
86.448145 -1685.816650 1050.443359 0.666392 -0.011193 -0.010359 0.973403 0.228593
86.551859 -1687.720215 1051.385986 0.655242 -0.011854 -0.011000 0.973556 0.227876
86.655582 -1689.622925 1052.325928 0.642442 -0.012746 -0.011209 0.973717 0.227128
86.759299 -1691.519897 1053.260254 0.627159 -0.013026 -0.011186 0.973886 0.226386
86.863019 -1693.413330 1054.189331 0.612504 -0.012252 -0.011614 0.974070 0.225618
86.966746 -1695.303955 1055.114380 0.599223 -0.012687 -0.011466 0.974210 0.224993
87.070453 -1697.191284 1056.034546 0.584151 -0.013732 -0.010973 0.974317 0.224493
87.174170 -1699.062744 1056.947144 0.571282 -0.012355 -0.011503 0.974425 0.224080
87.277867 -1700.932129 1057.856689 0.560522 -0.012055 -0.011283 0.974501 0.223775
87.381518 -1702.786377 1058.759766 0.549942 -0.011736 -0.009793 0.974579 0.223521
87.485211 -1704.634521 1059.659302 0.541253 -0.011448 -0.008521 0.974633 0.223354
87.588934 -1706.470459 1060.552979 0.532776 -0.012216 -0.007056 0.974617 0.223435
87.692627 -1708.295044 1061.439331 0.522057 -0.012829 -0.006272 0.974573 0.223613
87.796321 -1710.114502 1062.320801 0.507303 -0.013186 -0.006714 0.974512 0.223848
87.900008 -1711.922852 1063.195190 0.491690 -0.013135 -0.007864 0.974436 0.224145
88.003703 -1713.731323 1064.058350 0.458251 -0.012852 -0.009397 0.974341 0.224511
88.107403 -1715.530151 1064.917236 0.434871 -0.012873 -0.010417 0.974238 0.224913
88.211106 -1717.320312 1065.780273 0.420204 -0.013207 -0.010971 0.974150 0.225247
88.314830 -1719.100708 1066.645020 0.412007 -0.013884 -0.010904 0.974055 0.225623
88.418560 -1720.873047 1067.495117 0.401625 -0.014412 -0.011298 0.973951 0.226020
88.522318 -1722.645752 1068.348633 0.387813 -0.015204 -0.011920 0.973808 0.226550
88.626061 -1724.407715 1069.204590 0.369376 -0.016256 -0.012216 0.973603 0.227340
88.729778 -1726.158081 1070.061279 0.346948 -0.016695 -0.012138 0.973426 0.228069
88.833470 -1727.894409 1070.917236 0.324589 -0.016658 -0.011282 0.973292 0.228687
88.937138 -1729.617432 1071.771729 0.294274 -0.017050 -0.009718 0.973169 0.229254
89.040779 -1731.329468 1072.621826 0.273594 -0.017297 -0.007917 0.973056 0.229785
89.144421 -1733.024780 1073.469604 0.251014 -0.016790 -0.006217 0.972953 0.230309
89.248066 -1734.703003 1074.311646 0.229912 -0.015788 -0.004667 0.972832 0.230926
89.351715 -1736.367554 1075.149536 0.209909 -0.015484 -0.003216 0.972706 0.231503
89.455384 -1738.016602 1075.984253 0.190186 -0.015167 -0.001571 0.972566 0.232126
89.559075 -1739.651855 1076.815796 0.170137 -0.014446 -0.000095 0.972394 0.232899
89.662791 -1741.276123 1077.645386 0.149673 -0.013843 0.001257 0.972225 0.233636
89.766509 -1742.885498 1078.470337 0.129666 -0.013463 0.002360 0.971984 0.234648
89.870227 -1744.480591 1079.293091 0.110044 -0.013303 0.003551 0.971702 0.235809
89.973946 -1746.060303 1080.113647 0.089667 -0.013224 0.005139 0.971403 0.237011
90.077638 -1747.619629 1080.930542 0.069590 -0.012818 0.006709 0.971109 0.238196
90.181331 -1749.160400 1081.742065 0.049672 -0.012503 0.008206 0.970796 0.239440
90.285052 -1750.682251 1082.548096 0.030509 -0.012014 0.009022 0.970359 0.241199
90.388743 -1752.187866 1083.352173 0.011019 -0.012209 0.009380 0.969738 0.243664
90.492430 -1753.673706 1084.156372 -0.008896 -0.012619 0.009914 0.968971 0.246652
90.596147 -1755.140259 1084.962280 -0.030260 -0.012778 0.010616 0.968089 0.250056
90.699841 -1756.584717 1085.769775 -0.051681 -0.012562 0.010838 0.967097 0.253866
90.803536 -1758.006470 1086.576782 -0.072427 -0.012530 0.010310 0.965921 0.258329
90.907255 -1759.408447 1087.393677 -0.092848 -0.012174 0.009546 0.964418 0.263929
91.010972 -1760.789185 1088.220581 -0.112330 -0.011839 0.009075 0.962612 0.270472
91.114710 -1762.145020 1089.061646 -0.131175 -0.011477 0.009411 0.960560 0.277677
91.218428 -1763.474854 1089.917969 -0.150624 -0.011337 0.010431 0.958310 0.285315
91.322123 -1764.782104 1090.791138 -0.169980 -0.010853 0.011921 0.955923 0.293174
91.425838 -1766.065308 1091.679688 -0.190188 -0.010792 0.013051 0.953417 0.301179
91.529555 -1767.326538 1092.589478 -0.212255 -0.010434 0.014361 0.950671 0.309694
91.633270 -1768.565674 1093.513550 -0.234532 -0.010440 0.014836 0.947764 0.318456
91.736987 -1769.780396 1094.455688 -0.256041 -0.009554 0.015147 0.944659 0.327565
91.840706 -1770.972900 1095.417603 -0.278260 -0.008663 0.015591 0.941318 0.337051
91.944446 -1772.140869 1096.400391 -0.301411 -0.009696 0.016581 0.937688 0.346948
92.048189 -1773.284790 1097.411377 -0.327235 -0.009787 0.017536 0.933779 0.357286
92.151930 -1774.404785 1098.440430 -0.354850 -0.009977 0.018010 0.929660 0.367842
92.255671 -1775.499634 1099.492310 -0.383086 -0.010331 0.017843 0.925369 0.378506
92.359387 -1776.566650 1100.565674 -0.410943 -0.009706 0.017591 0.920807 0.389501
92.463104 -1777.606323 1101.664429 -0.438889 -0.009164 0.017155 0.915959 0.400800
92.566822 -1778.617432 1102.788330 -0.465798 -0.009357 0.017333 0.910780 0.412422
92.670563 -1779.599976 1103.938599 -0.493108 -0.009894 0.018144 0.905292 0.424286
92.774303 -1780.552002 1105.112671 -0.523278 -0.011166 0.019147 0.899640 0.436069
92.878020 -1781.470947 1106.307861 -0.556985 -0.012545 0.019607 0.893773 0.447916
92.981738 -1782.355713 1107.525757 -0.593760 -0.011781 0.020414 0.887706 0.459808
93.085457 -1783.205933 1108.758179 -0.631636 -0.010369 0.019792 0.881545 0.471572
93.189178 -1784.021484 1110.019287 -0.667890 -0.009252 0.019956 0.875241 0.483186
93.292871 -1784.804688 1111.296753 -0.701396 -0.008651 0.019965 0.868681 0.494894
93.396561 -1785.549316 1112.595703 -0.733960 -0.008366 0.020346 0.861809 0.506755
93.500276 -1786.262939 1113.915283 -0.767011 -0.008865 0.020965 0.854665 0.518681
93.603991 -1786.937744 1115.251709 -0.801568 -0.009046 0.021199 0.847195 0.530782
93.707684 -1787.570801 1116.605469 -0.837659 -0.008306 0.021169 0.839438 0.542979
93.811356 -1788.164795 1117.974365 -0.873369 -0.007237 0.021326 0.831517 0.555042
93.915050 -1788.717896 1119.358765 -0.908159 -0.006613 0.021700 0.823514 0.566842
94.018743 -1789.234375 1120.764893 -0.942736 -0.007113 0.022393 0.815320 0.578534
94.122413 -1789.711182 1122.180786 -0.978125 -0.007861 0.022642 0.806909 0.590190
94.226080 -1790.146484 1123.607178 -1.014982 -0.008047 0.022276 0.798341 0.601739
94.329748 -1790.541382 1125.042480 -1.053285 -0.007637 0.021686 0.789758 0.612987
94.433417 -1790.895264 1126.486450 -1.091615 -0.007379 0.021613 0.781213 0.623847
94.537085 -1791.205078 1127.946289 -1.130046 -0.007341 0.022596 0.772605 0.634442
94.640780 -1791.478271 1129.411011 -1.168985 -0.007255 0.022750 0.763850 0.644951
94.744498 -1791.709229 1130.884277 -1.209357 -0.006683 0.023342 0.754982 0.655296
94.848215 -1791.899170 1132.362427 -1.250650 -0.006781 0.023634 0.746004 0.665487
94.951954 -1792.051392 1133.843384 -1.292137 -0.006578 0.023384 0.736829 0.675643
95.055670 -1792.161255 1135.331909 -1.334396 -0.005643 0.023451 0.727506 0.685677
95.159340 -1792.230957 1136.821533 -1.375788 -0.005402 0.023382 0.718398 0.695218
95.263008 -1792.261108 1138.313965 -1.416861 -0.004689 0.023570 0.709361 0.704435
95.366699 -1792.251709 1139.807861 -1.458063 -0.004344 0.024064 0.700314 0.713416
95.470395 -1792.204712 1141.302856 -1.499470 -0.004399 0.024588 0.691151 0.722279
95.574090 -1792.121582 1142.798340 -1.542233 -0.004194 0.024724 0.681868 0.731046
95.677781 -1791.996582 1144.293335 -1.586557 -0.003666 0.024548 0.672382 0.739788
95.781428 -1791.837402 1145.784546 -1.629827 -0.003101 0.023798 0.662696 0.748504
95.885048 -1791.637939 1147.270874 -1.671641 -0.001818 0.022771 0.652699 0.757273
95.988690 -1791.397339 1148.759888 -1.709957 -0.001281 0.021992 0.642477 0.765988
96.092363 -1791.119141 1150.246582 -1.746355 -0.001752 0.021555 0.631976 0.774686
96.196033 -1790.797363 1151.724976 -1.783668 -0.001931 0.022013 0.621220 0.783325
96.299701 -1790.435791 1153.200195 -1.821720 -0.002786 0.022888 0.610333 0.791809
96.403392 -1790.032959 1154.662598 -1.862964 -0.002948 0.023241 0.599198 0.800258
96.507081 -1789.588013 1156.115234 -1.905446 -0.001993 0.022415 0.587782 0.808706
96.610750 -1789.102417 1157.555054 -1.947376 -0.001364 0.022052 0.576339 0.816912
96.714446 -1788.575684 1158.985229 -1.987877 -0.001398 0.022301 0.564878 0.824872
96.818165 -1788.004028 1160.401733 -2.029108 -0.001304 0.022812 0.553108 0.832796
96.921883 -1787.397461 1161.801880 -2.070728 -0.001376 0.022975 0.541098 0.840644
97.025600 -1786.743774 1163.176880 -2.105668 -0.001336 0.022819 0.528699 0.848502
97.129315 -1786.046753 1164.535522 -2.131558 -0.000818 0.022365 0.516041 0.856272
97.233032 -1785.305420 1165.871582 -2.156159 -0.000901 0.022189 0.503141 0.863919
97.336752 -1784.520142 1167.179565 -2.191567 -0.000741 0.022100 0.490032 0.871424
97.440469 -1783.703003 1168.475098 -2.207484 -0.000999 0.021912 0.476893 0.878687
97.544187 -1782.848755 1169.747192 -2.230557 -0.000758 0.022211 0.463739 0.885693
97.647877 -1781.955688 1170.992065 -2.254172 -0.000754 0.022622 0.450517 0.892481
97.751569 -1781.030029 1172.209351 -2.282177 -0.000803 0.022768 0.437182 0.899084
97.855288 -1780.070557 1173.397339 -2.313244 -0.000203 0.022689 0.423657 0.905538
97.958980 -1779.074097 1174.553833 -2.343931 -0.000170 0.022530 0.410093 0.911765
98.062649 -1778.048096 1175.681396 -2.376513 0.000235 0.021944 0.396359 0.917833
98.166343 -1776.984741 1176.775635 -2.409470 0.000572 0.022193 0.382543 0.923671
98.270038 -1775.891968 1177.841553 -2.444651 0.000390 0.022825 0.368707 0.929265
98.373710 -1774.768311 1178.871582 -2.480201 0.000674 0.022661 0.354551 0.934762
98.477378 -1773.612427 1179.867676 -2.519319 0.000916 0.022200 0.340320 0.940047
98.581044 -1772.425415 1180.830322 -2.556850 0.001631 0.021436 0.326177 0.945064
98.684714 -1771.209229 1181.757812 -2.594331 0.002152 0.020639 0.312188 0.949794
98.788384 -1769.961182 1182.651978 -2.630445 0.002412 0.020548 0.298354 0.954231
98.892058 -1768.688232 1183.511108 -2.666972 0.002453 0.020844 0.284646 0.958403
98.995705 -1767.384033 1184.337769 -2.704618 0.002163 0.021464 0.270974 0.962345
99.099320 -1766.056152 1185.128540 -2.743323 0.002356 0.021293 0.257382 0.966072
99.202941 -1764.705933 1185.884644 -2.783142 0.002297 0.020618 0.243960 0.969563
99.306585 -1763.327515 1186.601929 -2.824232 0.002709 0.020902 0.230908 0.972747
99.410254 -1761.929443 1187.286499 -2.865270 0.003124 0.021046 0.218221 0.975667
99.513924 -1760.504883 1187.936768 -2.906724 0.003910 0.021082 0.205831 0.978353
99.617617 -1759.060669 1188.550659 -2.947936 0.004820 0.020557 0.193644 0.980845
99.721311 -1757.598511 1189.133911 -2.990191 0.004784 0.020331 0.181693 0.983134
99.825003 -1756.113403 1189.685181 -3.033214 0.004798 0.021287 0.169865 0.985226
99.928697 -1754.613037 1190.203735 -3.077913 0.003764 0.021590 0.158256 0.987155
100.032391 -1753.093872 1190.687012 -3.124228 0.004601 0.020688 0.146926 0.988920
100.136085 -1751.557739 1191.137329 -3.170755 0.004650 0.020591 0.136323 0.990440
100.239728 -1750.006592 1191.556396 -3.216156 0.004943 0.020841 0.126282 0.991763
100.343351 -1748.441040 1191.945923 -3.262039 0.005792 0.020984 0.116807 0.992916
100.446972 -1746.861206 1192.306274 -3.308945 0.006357 0.021200 0.108222 0.993880
100.550614 -1745.269165 1192.642578 -3.356154 0.007315 0.020716 0.100245 0.994720
100.654261 -1743.666016 1192.953491 -3.403316 0.008394 0.020011 0.092789 0.995449
100.757858 -1742.052002 1193.241821 -3.450192 0.009144 0.019594 0.085843 0.996074
100.861454 -1740.425781 1193.510010 -3.494933 0.009855 0.019722 0.079257 0.996610
100.965074 -1738.789673 1193.759155 -3.538764 0.010136 0.019461 0.073054 0.997087
101.068696 -1737.143677 1193.988892 -3.583245 0.010337 0.019492 0.067143 0.997499
101.172341 -1735.487183 1194.203613 -3.628371 0.009754 0.019211 0.061577 0.997870
101.276010 -1733.818359 1194.400146 -3.674427 0.009694 0.019423 0.056477 0.998168
101.379631 -1732.148682 1194.580566 -3.721067 0.009839 0.020184 0.052225 0.998383
101.483228 -1730.456543 1194.749146 -3.770134 0.010269 0.020963 0.048872 0.998532
101.586852 -1728.765015 1194.905151 -3.820721 0.010867 0.020851 0.046154 0.998658
101.690497 -1727.069458 1195.054077 -3.871037 0.010931 0.021089 0.043458 0.998773
101.794163 -1725.369019 1195.195068 -3.920828 0.010720 0.021379 0.040700 0.998885
101.897831 -1723.670166 1195.327515 -3.970520 0.010270 0.021482 0.038192 0.998987
102.001501 -1721.967163 1195.451904 -4.020333 0.010005 0.021601 0.036053 0.999066
102.105173 -1720.262451 1195.568726 -4.070403 0.009756 0.022023 0.034262 0.999123
102.208839 -1718.556641 1195.679321 -4.121324 0.009725 0.022053 0.032747 0.999173
102.312507 -1716.852295 1195.783569 -4.171757 0.009932 0.021861 0.031428 0.999218
102.416176 -1715.147705 1195.883667 -4.221794 0.009898 0.021408 0.030342 0.999261
102.519869 -1713.438354 1195.980469 -4.272014 0.010160 0.021504 0.029461 0.999283
102.623562 -1711.729370 1196.074829 -4.321146 0.010148 0.021470 0.028697 0.999306
102.727232 -1710.018433 1196.167603 -4.370131 0.010041 0.021324 0.028029 0.999329
102.830904 -1708.307373 1196.257935 -4.419355 0.010150 0.021325 0.027420 0.999345
102.934597 -1706.596313 1196.345093 -4.469163 0.010247 0.022040 0.026836 0.999344
103.038290 -1704.879395 1196.431641 -4.521287 0.010217 0.022279 0.026355 0.999352
103.141963 -1703.164673 1196.516357 -4.574400 0.010154 0.022754 0.025736 0.999358
103.245634 -1701.450684 1196.599243 -4.628635 0.009985 0.022902 0.025101 0.999373
103.349300 -1699.736572 1196.680420 -4.683183 0.009782 0.022563 0.024450 0.999399
103.452968 -1698.023560 1196.759033 -4.736722 0.009680 0.022145 0.023865 0.999423
103.556642 -1696.312500 1196.835327 -4.789752 0.009767 0.022827 0.023288 0.999420
103.660289 -1694.609253 1196.909912 -4.841825 0.009422 0.023312 0.022646 0.999427
103.763930 -1692.911987 1196.981934 -4.894017 0.009419 0.023291 0.021921 0.999444
103.867599 -1691.228760 1197.053467 -4.944490 0.008801 0.022201 0.021317 0.999488
103.971272 -1689.547485 1197.120850 -4.993424 0.008634 0.021220 0.020515 0.999527
104.074937 -1687.869263 1197.185669 -5.039005 0.008603 0.020537 0.019728 0.999557
104.178602 -1686.200439 1197.245972 -5.081605 0.008680 0.019880 0.018862 0.999587
104.282295 -1684.536255 1197.303101 -5.122101 0.008820 0.019671 0.017731 0.999610
104.386010 -1682.879639 1197.355225 -5.163910 0.008975 0.020274 0.015892 0.999628
104.489751 -1681.229248 1197.402466 -5.204363 0.008422 0.020764 0.013460 0.999658
104.593494 -1679.592773 1197.440308 -5.244175 0.007959 0.020462 0.010254 0.999706
104.697211 -1677.966919 1197.466187 -5.283292 0.007350 0.020569 0.006231 0.999742
104.800953 -1676.354370 1197.477417 -5.321909 0.006926 0.020260 0.001652 0.999769
104.904672 -1674.755859 1197.472168 -5.360161 0.007116 0.020169 -0.003519 0.999765
105.008364 -1673.166382 1197.450562 -5.397254 0.006606 0.020721 -0.009341 0.999720
105.112056 -1671.592041 1197.411987 -5.434429 0.005925 0.021049 -0.016099 0.999631
105.215749 -1670.033936 1197.350342 -5.471894 0.005500 0.021144 -0.023782 0.999478
105.319490 -1668.488647 1197.266968 -5.508804 0.005094 0.020915 -0.032122 0.999252
105.423255 -1666.961182 1197.156372 -5.544088 0.004860 0.019915 -0.041129 0.998944
105.527019 -1665.449219 1197.015381 -5.577541 0.004901 0.019160 -0.050952 0.998505
105.630761 -1663.953491 1196.846802 -5.608793 0.004974 0.018427 -0.061248 0.997940
105.734477 -1662.472412 1196.647461 -5.638569 0.005293 0.018008 -0.072075 0.997223
105.838221 -1661.008545 1196.415039 -5.667291 0.005515 0.018423 -0.083512 0.996321
105.941987 -1659.559204 1196.149170 -5.696687 0.005914 0.018332 -0.095832 0.995211
106.045749 -1658.117065 1195.834961 -5.730521 0.005716 0.017582 -0.109165 0.993852
106.149496 -1656.675415 1195.470825 -5.764458 0.005870 0.017159 -0.122990 0.992242
106.253239 -1655.248291 1195.094604 -5.780300 0.006545 0.016295 -0.137225 0.990384
106.356975 -1653.838013 1194.676514 -5.790318 0.008147 0.015046 -0.151638 0.988288
106.460715 -1652.440796 1194.224854 -5.793813 0.008825 0.014394 -0.166127 0.985960
106.564636 -1651.046997 1193.725098 -5.787488 0.010192 0.014033 -0.181035 0.983324
106.668379 -1649.687500 1193.180908 -5.784533 0.010903 0.014300 -0.196415 0.980356
106.771941 -1648.339966 1192.598145 -5.761619 0.011452 0.014822 -0.212313 0.977022
106.875678 -1647.023804 1191.972412 -5.754570 0.011707 0.015110 -0.228969 0.973246
106.979420 -1645.723755 1191.304932 -5.741853 0.011309 0.014899 -0.246020 0.969084
107.083163 -1644.459839 1190.593994 -5.740601 0.011159 0.013703 -0.263310 0.964549
107.186877 -1643.224609 1189.838013 -5.738717 0.011161 0.012422 -0.280462 0.959720
107.290563 -1642.020630 1189.039307 -5.741118 0.011613 0.012491 -0.297189 0.954666
107.394247 -1640.850098 1188.201782 -5.745920 0.012211 0.012081 -0.314005 0.949266
107.497911 -1639.709351 1187.318970 -5.749586 0.012276 0.011628 -0.331018 0.943473
107.601594 -1638.603027 1186.402466 -5.757909 0.012408 0.012098 -0.347869 0.937383
107.705299 -1637.531006 1185.443848 -5.766079 0.012106 0.012554 -0.364729 0.930951
107.809012 -1636.497803 1184.452637 -5.778367 0.012044 0.011867 -0.381629 0.924161
107.912718 -1635.503418 1183.426880 -5.788735 0.011434 0.010634 -0.398281 0.917131
108.016402 -1634.552490 1182.363037 -5.800978 0.011798 0.009249 -0.414614 0.909874
108.120095 -1633.639038 1181.267212 -5.809200 0.012177 0.008267 -0.430717 0.902367
108.223788 -1632.767090 1180.139404 -5.817219 0.012498 0.007131 -0.446875 0.894481
108.327481 -1631.936646 1178.981201 -5.823447 0.012678 0.006401 -0.462740 0.886380
108.431172 -1631.148560 1177.795288 -5.830077 0.013204 0.005247 -0.478292 0.878086
108.534842 -1630.403198 1176.582764 -5.834480 0.012931 0.003757 -0.493430 0.869681
108.638511 -1629.700928 1175.346436 -5.836855 0.012715 0.001568 -0.508061 0.861226
108.742180 -1629.037476 1174.084717 -5.837423 0.012965 0.000396 -0.521881 0.852919
108.845849 -1628.414551 1172.793213 -5.836316 0.014269 0.000859 -0.534892 0.844799
108.949497 -1627.829834 1171.487183 -5.836819 0.015176 0.000296 -0.547634 0.836580
109.053144 -1627.286621 1170.161987 -5.838783 0.015568 -0.000706 -0.560275 0.828160
109.156822 -1626.785034 1168.820190 -5.838031 0.015604 -0.002413 -0.572732 0.819590
109.260503 -1626.323730 1167.463379 -5.836740 0.015451 -0.004974 -0.585172 0.810746
109.364197 -1625.898315 1166.088013 -5.832178 0.014983 -0.004810 -0.597678 0.801582
109.467917 -1625.513672 1164.693359 -5.828594 0.015565 -0.002704 -0.610647 0.791745
109.571656 -1625.169922 1163.285522 -5.828345 0.015098 -0.000066 -0.623982 0.781293
109.675414 -1624.876953 1161.877319 -5.829047 0.012378 -0.002440 -0.637539 0.770315
109.779148 -1624.631592 1160.462646 -5.824604 0.007653 -0.006593 -0.650839 0.759149
109.882883 -1624.432739 1159.032104 -5.809063 0.005420 -0.007597 -0.663499 0.748119
109.986624 -1624.289429 1157.579468 -5.788383 0.007599 -0.006250 -0.675646 0.737161
110.090365 -1624.192383 1156.119995 -5.773350 0.010853 -0.004760 -0.687727 0.725873
110.194102 -1624.146362 1154.661133 -5.765621 0.012691 -0.005102 -0.699865 0.714144
110.297818 -1624.147217 1153.203857 -5.760439 0.011964 -0.006392 -0.711911 0.702139
110.401546 -1624.195801 1151.751709 -5.751173 0.010115 -0.008144 -0.723686 0.690007
110.505248 -1624.293945 1150.289917 -5.735992 0.008287 -0.009459 -0.735157 0.677781
110.608943 -1624.441040 1148.833740 -5.715416 0.006965 -0.010420 -0.746442 0.665332
110.712662 -1624.633911 1147.379883 -5.690588 0.005636 -0.009846 -0.757579 0.652644
110.816356 -1624.878296 1145.932861 -5.664162 0.005276 -0.008960 -0.768527 0.639733
110.920049 -1625.167236 1144.491577 -5.637768 0.004260 -0.007228 -0.779188 0.626734
111.023762 -1625.504517 1143.053223 -5.613503 0.003064 -0.007189 -0.789448 0.613767
111.127479 -1625.894287 1141.622314 -5.589205 0.002248 -0.006801 -0.799027 0.601252
111.231174 -1626.328003 1140.196533 -5.564440 0.001859 -0.006383 -0.808040 0.589090
111.334842 -1626.811401 1138.776855 -5.541217 0.002237 -0.006296 -0.816433 0.577402
111.438487 -1627.334106 1137.363647 -5.519594 0.002980 -0.005821 -0.824197 0.566265
111.542125 -1627.898193 1135.956909 -5.498734 0.003315 -0.005320 -0.831355 0.555706
111.645748 -1628.502197 1134.561523 -5.481533 0.003340 -0.005839 -0.837976 0.545665
111.749423 -1629.140381 1133.173462 -5.463279 0.002630 -0.006413 -0.843938 0.536396
111.853021 -1629.811646 1131.793335 -5.444025 0.002752 -0.008151 -0.849124 0.528124
111.956549 -1630.515747 1130.423462 -5.421516 0.002880 -0.009185 -0.853702 0.520673
112.060153 -1631.248779 1129.048828 -5.400269 0.004351 -0.009382 -0.857893 0.513724
112.163723 -1632.003784 1127.677490 -5.380209 0.005364 -0.008332 -0.861914 0.506958
112.267317 -1632.785889 1126.316772 -5.365427 0.005425 -0.008741 -0.865859 0.500183
112.370926 -1633.587646 1124.959961 -5.350482 -0.004614 0.008942 0.869384 -0.494035
112.474505 -1634.418579 1123.607666 -5.334650 -0.004596 0.010469 0.872225 -0.488970
112.578054 -1635.267456 1122.253662 -5.316761 -0.005558 0.010746 0.874336 -0.485170
112.681594 -1636.129761 1120.901123 -5.299022 -0.006023 0.010265 0.875810 -0.482510
112.785161 -1637.002808 1119.539795 -5.283521 -0.005753 0.009691 0.876914 -0.480514
112.888769 -1637.885620 1118.184204 -5.268342 -0.005444 0.009139 0.877782 -0.478943
112.992398 -1638.780884 1116.813843 -5.254713 -0.005937 0.008575 0.878388 -0.477834
113.096007 -1639.685669 1115.438232 -5.242979 -0.007279 0.007886 0.878851 -0.476976
113.199616 -1640.595459 1114.056519 -5.234537 -0.007730 0.007520 0.879306 -0.476136
113.303269 -1641.512695 1112.669678 -5.228158 -0.007662 0.007547 0.879765 -0.475287
113.406950 -1642.439453 1111.281860 -5.222370 -0.007451 0.007750 0.880249 -0.474390
113.510614 -1643.372070 1109.884033 -5.216495 -0.007104 0.008043 0.880683 -0.473585
113.614268 -1644.311890 1108.486328 -5.205925 -0.005741 0.007622 0.881114 -0.472808
113.717935 -1645.260742 1107.079712 -5.194524 -0.005754 0.007627 0.881614 -0.471874
113.821609 -1646.220459 1105.661133 -5.183726 -0.007389 0.007422 0.882091 -0.470963
113.925280 -1647.189209 1104.243164 -5.177859 -0.009078 0.008745 0.882367 -0.470393
114.028949 -1648.168701 1102.818359 -5.173233 -0.009472 0.010670 0.882563 -0.469977
114.132616 -1649.147705 1101.388916 -5.166342 -0.008104 0.011400 0.882661 -0.469801
114.236284 -1650.129150 1099.946167 -5.155568 -0.006932 0.011616 0.882632 -0.469869
114.339953 -1651.117554 1098.489136 -5.142141 -0.007214 0.010455 0.882501 -0.470139
114.443597 -1652.110840 1097.026367 -5.129898 -0.008612 0.009371 0.882277 -0.470558
114.547257 -1653.108765 1095.554565 -5.122775 -0.008944 0.009314 0.881903 -0.471253
114.650949 -1654.108154 1094.073486 -5.117392 -0.008340 0.009908 0.881385 -0.472220
114.754631 -1655.109619 1092.584351 -5.110495 -0.008392 0.010298 0.880792 -0.473317
114.858313 -1656.112305 1091.083496 -5.101487 -0.008091 0.010428 0.880115 -0.474577
114.961985 -1657.114258 1089.573120 -5.090384 -0.007757 0.010444 0.879387 -0.475929
115.065642 -1658.118530 1088.048950 -5.078693 -0.007835 0.010590 0.878651 -0.477282
115.169293 -1659.122925 1086.518311 -5.065946 -0.008375 0.010485 0.877928 -0.478604
115.272966 -1660.129639 1084.974731 -5.054526 -0.009189 0.011548 0.877195 -0.479907
115.376651 -1661.135498 1083.423218 -5.044005 -0.009592 0.012627 0.876437 -0.481255
115.480314 -1662.144165 1081.857788 -5.033008 -0.009879 0.014137 0.875642 -0.482653
115.583992 -1663.151367 1080.277588 -5.021973 -0.010876 0.013664 0.874960 -0.483880
115.687693 -1664.156372 1078.687866 -5.014205 -0.011371 0.012616 0.874546 -0.484646
115.791402 -1665.159302 1077.086304 -5.008743 -0.010164 0.011229 0.874376 -0.485012
115.895116 -1666.163086 1075.477783 -5.002854 -0.008856 0.010025 0.874240 -0.485310
115.998808 -1667.171021 1073.859863 -4.995152 -0.007888 0.008746 0.874100 -0.485603
116.102478 -1668.185669 1072.234131 -4.986503 -0.008138 0.007948 0.873977 -0.485835
116.206171 -1669.203857 1070.605835 -4.977653 -0.008107 0.008499 0.873845 -0.486063
116.309866 -1670.225708 1068.979858 -4.965700 -0.007702 0.009966 0.873708 -0.486288
116.413534 -1671.249023 1067.341553 -4.952523 -0.008245 0.010050 0.873581 -0.486504
116.517201 -1672.271729 1065.696045 -4.939173 -0.008929 0.008693 0.873521 -0.486627
116.620902 -1673.296387 1064.041260 -4.929084 -0.009901 0.006850 0.873471 -0.486728
116.724568 -1674.320068 1062.394287 -4.922145 -0.008783 0.007762 0.873365 -0.486925
116.828202 -1675.345581 1060.747559 -4.912804 -0.007484 0.009377 0.873253 -0.487119
116.931873 -1676.375122 1059.095337 -4.897813 -0.007361 0.011130 0.873080 -0.487395
117.035539 -1677.408203 1057.433350 -4.876947 -0.007835 0.010539 0.872934 -0.487661
117.139208 -1678.437378 1055.766846 -4.858615 -0.007614 0.008602 0.873044 -0.487505
117.242907 -1679.465332 1054.102539 -4.844030 -0.006370 0.007332 0.873543 -0.486650
117.346576 -1680.500610 1052.435425 -4.828729 -0.006287 0.006351 0.874198 -0.485487
117.450221 -1681.542725 1050.778687 -4.812134 -0.006264 0.006775 0.874839 -0.484325
117.553865 -1682.591797 1049.120728 -4.793366 -0.006137 0.007702 0.875411 -0.483280
117.657514 -1683.646851 1047.465332 -4.773584 -0.006109 0.009438 0.875980 -0.482216
117.761182 -1684.707886 1045.803101 -4.752546 -0.007337 0.008861 0.876512 -0.481243
117.864823 -1685.771484 1044.144775 -4.736919 -0.009499 0.007799 0.877015 -0.480305
117.968468 -1686.839355 1042.483398 -4.731563 -0.010370 0.007351 0.877469 -0.479464
118.072142 -1687.911011 1040.822388 -4.729835 -0.011099 0.007539 0.877852 -0.478744
118.175818 -1688.987793 1039.163574 -4.727392 -0.010450 0.008481 0.878095 -0.478298
118.279467 -1690.065674 1037.508057 -4.722038 -0.009609 0.009416 0.878294 -0.477932
118.383109 -1691.145386 1035.849365 -4.712449 -0.009060 0.009684 0.878539 -0.477486
118.486774 -1692.230591 1034.182495 -4.700653 -0.009423 0.009001 0.878765 -0.477077
118.590441 -1693.320435 1032.513306 -4.690782 -0.010445 0.008482 0.878959 -0.476708
118.694128 -1694.411133 1030.845459 -4.684998 -0.010110 0.008731 0.879162 -0.476335
118.797844 -1695.504028 1029.176025 -4.678447 -0.009448 0.008681 0.879427 -0.475860
118.901584 -1696.597900 1027.506836 -4.668942 -0.008385 0.008268 0.879858 -0.475090
119.005325 -1697.698853 1025.828979 -4.657139 -0.007531 0.006931 0.880392 -0.474136
119.109007 -1698.802490 1024.154297 -4.644184 -0.006802 0.005564 0.881022 -0.472994
119.212688 -1699.915771 1022.479248 -4.632744 -0.008179 0.004330 0.881646 -0.471820
119.316363 -1701.038818 1020.811890 -4.631177 -0.009588 0.005372 0.882118 -0.470901
119.420022 -1702.165771 1019.148987 -4.632681 -0.009963 0.007152 0.882497 -0.470159
119.523701 -1703.296143 1017.477905 -4.629492 -0.008843 0.008107 0.882802 -0.469593
119.627377 -1704.426758 1015.803467 -4.620051 -0.007548 0.007064 0.883100 -0.469071
119.731043 -1705.560425 1014.121155 -4.608881 -0.007387 0.004811 0.883433 -0.468475
119.834691 -1706.698242 1012.442017 -4.599339 -0.007132 0.003941 0.883703 -0.467977
119.938347 -1707.840942 1010.763611 -4.590924 -0.006971 0.004142 0.883824 -0.467748
120.042004 -1708.990234 1009.081543 -4.582561 -0.007395 0.004914 0.883801 -0.467779
120.145662 -1710.144287 1007.401062 -4.574843 -0.008079 0.006621 0.883677 -0.467980
120.249298 -1711.302368 1005.713074 -4.566722 -0.008519 0.008357 0.883527 -0.468228
120.352956 -1712.461182 1004.017883 -4.557015 -0.007816 0.009597 0.883345 -0.468561
120.456641 -1713.617676 1002.314514 -4.544609 -0.006870 0.009219 0.883261 -0.468740
120.560298 -1714.777588 1000.600159 -4.529078 -0.006342 0.007671 0.883292 -0.468717
120.663956 -1715.936890 998.885681 -4.513167 -0.005623 0.006261 0.883315 -0.468705
120.767639 -1717.102905 997.165466 -4.497953 -0.005768 0.005673 0.883296 -0.468745
120.871338 -1718.275757 995.440857 -4.485303 -0.006927 0.005791 0.883238 -0.468837
120.975013 -1719.457275 993.704224 -4.477531 -0.008854 0.006002 0.883115 -0.469034
