0.000000 0.000000 0.000000 0.779000 0.019049 0.019853 -0.717609 0.695902
0.207558 -0.182612 -1.943027 0.693152 0.017692 0.017336 -0.747950 0.663292
0.415162 -0.518190 -3.876411 0.637472 0.015063 0.016983 -0.777742 0.628173
0.622737 -1.046584 -5.776436 0.566156 0.014479 0.016074 -0.806100 0.591384
0.830267 -1.741269 -7.599588 0.525820 0.013689 0.013050 -0.831999 0.554455
1.037796 -2.586437 -9.338173 0.468795 0.013260 0.013143 -0.856587 0.515665
1.245326 -3.581190 -11.012735 0.422395 -0.012879 -0.014071 0.879966 -0.474654
1.452835 -4.733663 -12.575186 0.382482 -0.012605 -0.013296 0.901191 -0.433035
1.660268 -6.023558 -13.995468 0.329758 -0.012318 -0.011814 0.920299 -0.390844
1.867725 -7.407036 -15.298042 0.298401 -0.011156 -0.011660 0.937501 -0.347607
2.075186 -8.918539 -16.435148 0.270869 -0.009961 -0.010298 0.952708 -0.303549
2.282549 -10.517291 -17.451797 0.246363 -0.007387 -0.006931 0.965743 -0.259303
2.489837 -12.220727 -18.301857 0.221076 -0.006769 -0.004433 0.976272 -0.216399
2.697150 -14.031125 -19.049030 0.229650 -0.005812 -0.002402 0.984116 -0.177417
2.904533 -15.906996 -19.640991 0.204467 -0.006570 -0.001820 0.989775 -0.142471
3.111899 -17.837011 -20.153421 0.228878 -0.005881 -0.002865 0.994025 -0.108955
3.319265 -19.810892 -20.517620 0.189369 -0.004926 -0.002552 0.996985 -0.077392
3.526696 -21.873003 -20.752840 0.191029 -0.005486 -0.002633 0.998885 -0.046812
3.734059 -23.999962 -20.870090 0.149350 -0.005429 -0.001566 0.999820 -0.018110
3.941399 -26.170483 -20.885971 0.125624 -0.005059 0.002555 0.999966 0.005944
4.148740 -28.403767 -20.806761 0.119509 -0.005733 0.007569 0.999625 0.025692
4.356075 -30.693569 -20.632317 0.114055 -0.006374 0.010272 0.999107 0.040497
4.563391 -32.971626 -20.434822 0.103559 -0.007116 0.010644 0.998495 0.053320
4.770704 -35.310532 -20.143538 0.076797 -0.004399 0.010959 0.997872 0.064126
4.978040 -37.721581 -19.820856 0.058518 -0.002973 0.010988 0.997295 0.072620
5.185356 -40.236874 -19.428621 0.033744 -0.001888 0.011178 0.996892 0.077963
5.392691 -42.804077 -19.014662 0.025075 -0.000937 0.010868 0.996543 0.082359
5.600032 -45.491573 -18.567142 0.013230 -0.002404 0.010868 0.996347 0.084670
5.807368 -48.242744 -18.094875 -0.007604 -0.002729 0.012047 0.996159 0.086682
6.014732 -51.091660 -17.586859 -0.032418 -0.002289 0.012904 0.996111 0.087123
6.222046 -54.016895 -17.082571 -0.049361 -0.001583 0.012677 0.996176 0.086427
6.429361 -57.048763 -16.554205 -0.066229 -0.002026 0.012474 0.996302 0.084987
6.636720 -60.147346 -16.031902 -0.082840 -0.001426 0.012944 0.996393 0.083849
6.844108 -63.347458 -15.503937 -0.097577 -0.001395 0.012802 0.996504 0.082544
7.051494 -66.596352 -14.976157 -0.115005 -0.002874 0.014205 0.996542 0.081813
7.258856 -69.863129 -14.432504 -0.128013 -0.001953 0.015840 0.996571 0.081190
7.466243 -73.242996 -13.887235 -0.133503 -0.002457 0.015659 0.996658 0.080137
7.673575 -76.669174 -13.326525 -0.165300 -0.002900 0.016481 0.996669 0.079818
7.880921 -80.185555 -12.751210 -0.185469 -0.002550 0.017088 0.996693 0.079398
8.088331 -83.739235 -12.184163 -0.204453 -0.002019 0.016453 0.996661 0.079945
8.295716 -87.351357 -11.616460 -0.215879 -0.002070 0.016162 0.996583 0.080972
8.503118 -91.021324 -11.020326 -0.234414 -0.002723 0.014908 0.996567 0.081385
8.710536 -94.747208 -10.413829 -0.255931 -0.001973 0.014050 0.996463 0.082824
8.917948 -98.532440 -9.776475 -0.268086 -0.002152 0.013513 0.996129 0.086827
9.125309 -102.353806 -9.099387 -0.284757 -0.002116 0.012449 0.995754 0.091182
9.332623 -106.195824 -8.380562 -0.285029 -0.000831 0.012045 0.995343 0.095637
9.539959 -110.065720 -7.619382 -0.280231 -0.000834 0.010438 0.994890 0.100418
9.747291 -113.993279 -6.813339 -0.281379 -0.001254 0.009418 0.994357 0.105660
9.954588 -117.950691 -5.942973 -0.285947 -0.000721 0.009792 0.993762 0.111085
10.161952 -121.907295 -5.036904 -0.278814 -0.000624 0.009741 0.993119 0.116702
10.369314 -125.885429 -4.081711 -0.277996 -0.000379 0.009265 0.992464 0.122188
10.576678 -129.922348 -3.064630 -0.279270 -0.000634 0.009077 0.991876 0.126883
10.783941 -133.950562 -2.010023 -0.279903 -0.000744 0.010766 0.991414 0.130311
10.991349 -138.013565 -0.927918 -0.278904 -0.000820 0.010847 0.991003 0.133395
11.198778 -142.086899 0.184864 -0.278967 -0.000653 0.009425 0.990442 0.137609
11.406198 -146.207428 1.346536 -0.275023 -0.000434 0.009299 0.989828 0.141966
11.613535 -150.353256 2.568096 -0.264477 -0.000234 0.008586 0.989222 0.146169
11.820900 -154.545868 3.831089 -0.256678 -0.000597 0.008827 0.988631 0.150104
12.028260 -158.751495 5.128489 -0.251140 -0.000067 0.009272 0.988057 0.153810
12.235599 -162.965134 6.471513 -0.230740 0.001069 0.009415 0.987504 0.157310
12.442944 -167.234436 7.851223 -0.213368 0.001172 0.009105 0.987000 0.160455
12.650251 -171.509476 9.282595 -0.196069 0.001264 0.009336 0.986401 0.164087
12.857541 -175.807434 10.753264 -0.179234 0.000925 0.010997 0.985891 0.167026
13.064829 -180.142532 12.251124 -0.161292 0.000829 0.010794 0.985493 0.169370
13.272128 -184.479568 13.790937 -0.140855 0.002048 0.009739 0.985013 0.172190
13.479453 -188.843719 15.344683 -0.116213 0.003124 0.008488 0.984523 0.175022
13.686770 -193.239899 16.975573 -0.081276 0.003068 0.008411 0.983912 0.178427
13.894127 -197.633438 18.630846 -0.046378 0.002699 0.008521 0.983329 0.181614
14.101522 -202.060425 20.316284 -0.008699 0.003109 0.007874 0.982752 0.184734
14.308895 -206.478531 22.046783 0.034256 0.003372 0.007974 0.982244 0.187410
14.516225 -210.911545 23.805876 0.072712 0.002811 0.009236 0.981865 0.189333
14.723551 -215.357910 25.588453 0.113788 0.003182 0.009598 0.981451 0.191448
14.930891 -219.792572 27.385723 0.160612 0.003687 0.009199 0.981019 0.193657
15.138298 -224.238235 29.202707 0.220611 0.004455 0.008125 0.980563 0.195987
15.345664 -228.669724 31.054754 0.284740 0.004559 0.009014 0.980103 0.198230
15.553015 -233.092117 32.918430 0.340432 0.003910 0.009166 0.979607 0.200677
15.760348 -237.553635 34.808956 0.398876 0.003782 0.008030 0.979051 0.203421
15.967663 -241.978516 36.731045 0.453514 0.003627 0.007305 0.978349 0.206802
16.175002 -246.392868 38.668499 0.504729 0.003073 0.006662 0.977644 0.210139
16.382312 -250.807007 40.648911 0.556634 0.003150 0.006304 0.976845 0.213834
16.589596 -255.153885 42.671185 0.604663 0.003127 0.006146 0.976046 0.217456
16.796895 -259.532593 44.708992 0.651678 0.003373 0.005912 0.975178 0.221318
17.004230 -263.896484 46.815842 0.695184 0.003993 0.006430 0.974431 0.224561
17.211518 -268.234558 48.950485 0.746231 0.004842 0.007497 0.973616 0.228017
17.418806 -272.588898 51.129734 0.800323 0.006210 0.009071 0.972959 0.230717
17.626221 -276.965881 53.332653 0.863078 0.006676 0.009680 0.972216 0.233791
17.833584 -281.382233 55.606670 0.914265 0.007317 0.009606 0.971388 0.237190
18.040923 -285.827240 57.916580 0.980657 0.007719 0.008422 0.970619 0.240350
18.248196 -290.284546 60.271816 1.036027 0.007524 0.009683 0.970024 0.242702
18.455382 -294.796570 62.657993 1.106621 0.006991 0.010250 0.969468 0.244902
18.662596 -299.305115 65.111855 1.148728 0.006313 0.010512 0.968943 0.246979
18.869808 -303.865631 67.608116 1.201491 0.006520 0.010674 0.968454 0.248880
19.077075 -308.433929 70.117950 1.268797 0.007065 0.009214 0.967705 0.251819
19.284423 -313.039276 72.703545 1.322367 0.005323 0.007460 0.966564 0.256261
19.491764 -317.661926 75.337090 1.364141 0.004752 0.007097 0.965294 0.261026
19.699053 -322.287231 78.048561 1.414326 0.005283 0.008228 0.964236 0.264865
19.906322 -326.895264 80.805840 1.470645 0.004178 0.008809 0.963120 0.268896
20.113563 -331.492279 83.624863 1.516446 0.003031 0.008348 0.961939 0.273119
20.320802 -336.068085 86.448814 1.562650 0.002573 0.008352 0.960727 0.277359
20.528045 -340.648987 89.317764 1.599805 0.001544 0.008306 0.959531 0.281477
20.735288 -345.214966 92.245872 1.617136 0.000560 0.008398 0.958529 0.284870
20.942554 -349.721985 95.160187 1.631058 0.000133 0.006434 0.957517 0.288306
21.149820 -354.235046 98.107040 1.651889 -0.001018 0.003056 0.956511 0.291680
21.357111 -358.766510 101.150414 1.656083 -0.001610 0.003540 0.955368 0.295394
21.564378 -363.262787 104.195869 1.665448 -0.003120 0.001797 0.954309 0.298801
21.771686 -367.745178 107.276031 1.654693 -0.004585 0.000699 0.953258 0.302123
21.978933 -372.187469 110.391823 1.639818 -0.004789 0.000712 0.952292 0.305150
22.186222 -376.587341 113.504990 1.635522 -0.005445 0.000244 0.951205 0.308511
22.393549 -380.979553 116.645889 1.631202 -0.002988 -0.009688 0.950237 0.311364
22.600832 -385.310547 119.816673 1.669490 0.001016 -0.001932 0.949652 0.313300
22.808122 -389.691315 123.051559 1.692430 -0.009171 -0.002421 0.948715 0.315991
23.015459 -394.041412 126.270844 1.611308 -0.012086 -0.004320 0.947601 0.319198
23.222751 -398.326019 129.518997 1.572811 -0.007534 -0.000546 0.946810 0.321705
23.430134 -402.601013 132.783249 1.561758 -0.006333 -0.000568 0.945782 0.324740
23.637528 -406.890747 136.101013 1.526028 -0.007101 0.000186 0.944683 0.327908
23.844860 -411.160736 139.444717 1.499177 -0.007213 0.000518 0.944030 0.329781
24.052194 -415.400635 142.791641 1.466118 -0.007693 0.001574 0.943512 0.331245
24.259487 -419.608795 146.143707 1.423448 -0.009347 0.003372 0.943188 0.332110
24.466755 -423.810577 149.477005 1.378385 -0.008655 0.001522 0.942706 0.333508
24.674044 -428.024719 152.846542 1.332132 -0.008194 -0.000425 0.942225 0.334881
24.881309 -432.220795 156.201096 1.310872 -0.008449 -0.002288 0.941968 0.335588
25.088503 -436.405365 159.582947 1.266180 -0.009312 -0.002563 0.941727 0.336240
25.295669 -440.603760 162.987061 1.193150 -0.012215 0.000912 0.941973 0.335464
25.502869 -444.774048 166.362061 1.123814 -0.015048 0.001639 0.942728 0.333219
25.710109 -449.007233 169.683365 1.029803 -0.013607 -0.005470 0.943472 0.331129
25.917305 -453.212555 172.993820 0.952150 -0.013382 -0.005696 0.944687 0.327650
26.124594 -457.447327 176.259796 0.896315 -0.013253 -0.006303 0.945856 0.324253
26.331909 -461.710968 179.492081 0.836535 -0.016493 -0.013570 0.946370 0.322378
26.539200 -465.961670 182.711243 0.749639 -0.016193 -0.017613 0.946580 0.321579
26.746466 -470.239105 185.934341 0.686694 -0.017999 -0.015808 0.947160 0.319865
26.953710 -474.495087 189.144196 0.597677 -0.019275 -0.016763 0.947638 0.318323
27.161023 -478.739014 192.321747 0.516836 -0.017468 -0.017729 0.948074 0.317075
27.368337 -483.006714 195.497208 0.439488 -0.018192 -0.015606 0.948664 0.315376
27.575654 -487.310303 198.673813 0.361598 -0.018947 -0.015783 0.949133 0.313910
27.782988 -491.604279 201.831863 0.266799 -0.019863 -0.015759 0.949522 0.312675
27.990302 -495.921417 204.968323 0.161892 -0.019083 -0.016075 0.949865 0.311663
28.197544 -500.244019 208.106171 0.073776 -0.020147 -0.015883 0.950115 0.310843
28.404836 -504.567383 211.228119 -0.035827 -0.020888 -0.016477 0.950217 0.310452
28.612079 -508.898407 214.353485 -0.150315 -0.020878 -0.016130 0.950161 0.310641
28.819371 -513.231018 217.483063 -0.263898 -0.022292 -0.016304 0.950178 0.310483
29.026603 -517.551331 220.614365 -0.388706 -0.022693 -0.016684 0.950218 0.310309
29.233902 -521.889404 223.744751 -0.520147 -0.022561 -0.016575 0.950362 0.309883
29.441162 -526.225586 226.858261 -0.644432 -0.022847 -0.016625 0.950553 0.309275
29.648452 -530.579773 229.985229 -0.768732 -0.023018 -0.017213 0.950612 0.309049
29.855716 -534.949402 233.124420 -0.909161 -0.024287 -0.016872 0.950780 0.308453
30.062896 -539.290955 236.243683 -1.057185 -0.024051 -0.016625 0.951004 0.307793
30.270089 -543.648682 239.358078 -1.202377 -0.024875 -0.016459 0.951086 0.307483
30.477310 -548.012939 242.463959 -1.353132 -0.025020 -0.016743 0.951086 0.307456
30.684609 -552.350281 245.575104 -1.512966 -0.026453 -0.016630 0.951039 0.307487
30.891951 -556.703918 248.670074 -1.675683 -0.026208 -0.017133 0.950981 0.307659
31.099242 -561.050659 251.776001 -1.833983 -0.025105 -0.017558 0.950988 0.307707
31.306576 -565.395996 254.869431 -2.003927 -0.026972 -0.016473 0.951081 0.307319
31.513955 -569.748718 257.979645 -2.180383 -0.026644 -0.015924 0.951151 0.307160
31.721316 -574.099304 261.085724 -2.357119 -0.026855 -0.015192 0.951170 0.307120
31.928675 -578.465454 264.195587 -2.529090 -0.027939 -0.014685 0.951313 0.306605
32.136040 -582.807068 267.290527 -2.721373 -0.028253 -0.014172 0.951477 0.306093
32.343401 -587.156128 270.386688 -2.908057 -0.029311 -0.014182 0.951582 0.305666
32.550844 -591.522339 273.478333 -3.117078 -0.029372 -0.014848 0.951735 0.305152
32.758223 -595.875061 276.553192 -3.312659 -0.028754 -0.013918 0.952162 0.303920
32.965575 -600.236694 279.626709 -3.513584 -0.029970 -0.013318 0.952446 0.302936
33.172864 -604.602722 282.684784 -3.715128 -0.029888 -0.013696 0.952754 0.301957
33.380263 -609.000977 285.744690 -3.926275 -0.030308 -0.014022 0.952957 0.301262
33.587652 -613.368103 288.786774 -4.135413 -0.030878 -0.014867 0.953163 0.300510
33.795013 -617.773315 291.828522 -4.358910 -0.030612 -0.016130 0.953200 0.300355
34.002490 -622.165710 294.877441 -4.573099 -0.031567 -0.015516 0.953169 0.300386
34.209889 -626.557556 297.905304 -4.798627 -0.031892 -0.015967 0.953174 0.300313
34.417285 -630.950562 300.940552 -5.024082 -0.030424 -0.015967 0.953245 0.300240
34.624577 -635.374084 303.990784 -5.241546 -0.031060 -0.015599 0.953239 0.300212
34.831900 -639.772461 307.028564 -5.462550 -0.031796 -0.015207 0.953301 0.299957
35.039300 -644.192993 310.073608 -5.692133 -0.031835 -0.015210 0.953401 0.299636
35.246618 -648.613464 313.121368 -5.925008 -0.032390 -0.015089 0.953502 0.299261
35.453903 -653.026550 316.145508 -6.159755 -0.033024 -0.015158 0.953605 0.298861
35.661206 -657.440918 319.177887 -6.396507 -0.032905 -0.015226 0.953783 0.298300
35.868517 -661.854492 322.182434 -6.629185 -0.033284 -0.014644 0.953969 0.297694
36.075906 -666.268188 325.197327 -6.868872 -0.032257 -0.014510 0.954171 0.297163
36.283241 -670.689514 328.216156 -7.104356 -0.032998 -0.013879 0.954397 0.296387
36.490572 -675.129700 331.233856 -7.349962 -0.033983 -0.013733 0.954493 0.295974
36.697893 -679.543457 334.209351 -7.600609 -0.033989 -0.014021 0.954680 0.295355
36.905273 -683.973999 337.194000 -7.852527 -0.033325 -0.014476 0.954863 0.294815
37.112706 -688.407837 340.186218 -8.103223 -0.033658 -0.014596 0.954852 0.294808
37.320119 -692.839661 343.162811 -8.350902 -0.034146 -0.015196 0.954780 0.294956
37.527456 -697.264893 346.143250 -8.610297 -0.033919 -0.015877 0.954691 0.295235
37.734796 -701.711365 349.165955 -8.868997 -0.034671 -0.015371 0.954508 0.295762
37.942105 -706.111450 352.141846 -9.122102 -0.035168 -0.014783 0.954509 0.295730
38.149351 -710.538391 355.145569 -9.394286 -0.034441 -0.014668 0.954501 0.295848
38.356595 -714.973022 358.153046 -9.646664 -0.034127 -0.013289 0.954684 0.295359
38.563858 -719.405151 361.154633 -9.902562 -0.034395 -0.012716 0.954945 0.294509
38.771148 -723.845764 364.142517 -10.161028 -0.034299 -0.013450 0.955102 0.293977
38.978485 -728.278809 367.121643 -10.422095 -0.034476 -0.013719 0.955321 0.293231
39.185756 -732.745789 370.114563 -10.692616 -0.035830 -0.012618 0.955417 0.292805
39.392994 -737.141785 373.052216 -10.962603 -0.035501 -0.012045 0.955864 0.291407
39.600330 -741.616577 376.023682 -11.239256 -0.034397 -0.012331 0.956113 0.290711
39.807744 -746.055237 378.957184 -11.503334 -0.033781 -0.011795 0.956445 0.289712
40.015104 -750.511414 381.885284 -11.759359 -0.034636 -0.012334 0.956776 0.288492
40.222418 -754.973694 384.796600 -12.038095 -0.034535 -0.012931 0.956976 0.287815
40.429758 -759.443176 387.726349 -12.301776 -0.033684 -0.012391 0.957258 0.287000
40.637091 -763.901367 390.596771 -12.561396 -0.034946 -0.012343 0.957417 0.286320
40.844434 -768.387512 393.502441 -12.839972 -0.035415 -0.013835 0.957359 0.286388
41.051752 -772.847900 396.381622 -13.118908 -0.034910 -0.013233 0.957624 0.285591
41.259060 -777.314453 399.251251 -13.402929 -0.035623 -0.010686 0.958027 0.284254
41.466399 -781.811646 402.140442 -13.672316 -0.033710 -0.010781 0.958284 0.283619
41.673712 -786.277161 404.996735 -13.934336 -0.032982 -0.010610 0.958652 0.282464
41.881100 -790.781311 407.863312 -14.197491 -0.034159 -0.010264 0.959013 0.281107
42.088459 -795.283569 410.713013 -14.468373 -0.034367 -0.010973 0.959379 0.279805
42.295803 -799.760803 413.544861 -14.745105 -0.034522 -0.011224 0.959768 0.278438
42.503116 -804.272217 416.372498 -15.024841 -0.033993 -0.011318 0.960132 0.277241
42.710354 -808.793152 419.186890 -15.290046 -0.035218 -0.011169 0.960242 0.276713
42.917603 -813.282227 421.977264 -15.569230 -0.035636 -0.012415 0.960225 0.276664
43.124888 -817.785034 424.771576 -15.843297 -0.035160 -0.013052 0.960245 0.276626
43.332142 -822.273865 427.574890 -16.124267 -0.035064 -0.012029 0.960245 0.276688
43.539411 -826.769409 430.382385 -16.390998 -0.035783 -0.011465 0.960163 0.276904
43.746665 -831.270386 433.180908 -16.671232 -0.035487 -0.012174 0.960133 0.277015
43.953907 -835.709656 435.968567 -16.939452 -0.033862 -0.012771 0.960407 0.276240
44.161149 -840.176147 438.737946 -17.200153 -0.034528 -0.012443 0.960712 0.275111
44.368393 -844.674805 441.513153 -17.472040 -0.035014 -0.011561 0.961065 0.273850
44.575682 -849.200134 444.305603 -17.750327 -0.035280 -0.010760 0.961453 0.272483
44.782944 -853.750427 447.090607 -18.042207 -0.035676 -0.010271 0.961840 0.271082
44.990214 -858.289673 449.823608 -18.330346 -0.036768 -0.010232 0.962275 0.269388
45.197501 -862.833069 452.560791 -18.638187 -0.037342 -0.010992 0.962634 0.267993
45.404801 -867.402649 455.283875 -18.956704 -0.037301 -0.010339 0.962881 0.267135
45.612161 -871.965332 457.986023 -19.273988 -0.038260 -0.010217 0.962987 0.266623
45.819494 -876.536377 460.694336 -19.596725 -0.040072 -0.010937 0.962841 0.266855
46.026761 -881.118652 463.420685 -19.932893 -0.039592 -0.012278 0.962838 0.266879
46.233996 -885.716675 466.135406 -20.268577 -0.040600 -0.012617 0.962984 0.266185
46.441246 -890.301697 468.842590 -20.608648 -0.039950 -0.012469 0.963171 0.265611
46.648535 -894.936401 471.581177 -20.950422 -0.041210 -0.011208 0.963208 0.265343
46.855870 -899.508850 474.278107 -21.292419 -0.042888 -0.010538 0.963279 0.264845
47.063140 -904.114563 476.982330 -21.658197 -0.043164 -0.010379 0.963500 0.264002
47.270311 -908.679382 479.669495 -22.015937 -0.042444 -0.008625 0.964071 0.262090
47.477551 -913.330444 482.364349 -22.381345 -0.043455 -0.007771 0.964398 0.260746
47.684876 -917.919983 485.008057 -22.745446 -0.044572 -0.006989 0.964789 0.259126
47.892218 -922.524170 487.636932 -23.121530 -0.045213 -0.007649 0.965141 0.257682
48.099637 -927.109985 490.226532 -23.508691 -0.045545 -0.007945 0.965470 0.256377
48.306948 -931.726074 492.835632 -23.894117 -0.045502 -0.007370 0.965814 0.255104
48.514270 -936.295410 495.410522 -24.284843 -0.046707 -0.006652 0.966053 0.253999
48.721577 -940.872192 497.966736 -24.690563 -0.047315 -0.006669 0.966263 0.253085
48.928823 -945.467957 500.515289 -25.091729 -0.047180 -0.007217 0.966423 0.252484
49.136050 -950.012939 503.040955 -25.500545 -0.047003 -0.007138 0.966601 0.251838
49.343302 -954.516846 505.525940 -25.894227 -0.046702 -0.006688 0.966765 0.251274
49.550530 -959.123413 508.075836 -26.313224 -0.048447 -0.006224 0.966718 0.251140
49.757762 -963.660950 510.556732 -26.696994 -0.044052 -0.009763 0.966983 0.250814
49.964978 -968.245422 513.087219 -27.109895 -0.048582 -0.008443 0.966788 0.250777
50.172210 -972.761292 515.571838 -27.542270 -0.050092 -0.006968 0.966864 0.250232
50.379447 -977.387634 518.113892 -27.986333 -0.050733 -0.006626 0.966974 0.249687
50.586764 -981.926758 520.594666 -28.436363 -0.051789 -0.006542 0.967128 0.248873
50.794074 -986.474792 523.062744 -28.888208 -0.051084 -0.006630 0.967492 0.247600
51.001462 -991.098938 525.575745 -29.351087 -0.051302 -0.005453 0.967742 0.246605
51.208846 -995.661499 528.047180 -29.793126 -0.051162 -0.005935 0.968005 0.245587
51.416211 -1000.197876 530.482849 -30.245315 -0.052338 -0.005715 0.968095 0.244992
51.623571 -1004.679626 532.870361 -30.715461 -0.055106 -0.005210 0.968079 0.244457
51.830909 -1009.165833 535.270203 -31.212491 -0.057287 -0.005567 0.968093 0.243890
52.038249 -1013.703613 537.677002 -31.712676 -0.055545 -0.004716 0.968278 0.243577
52.245659 -1018.350586 540.149231 -32.201579 -0.055089 -0.003675 0.968304 0.243596
52.453069 -1022.879089 542.528442 -32.689815 -0.055392 -0.006511 0.968304 0.243467
52.660430 -1027.468506 544.973633 -33.197784 -0.055019 -0.004398 0.968298 0.243622
52.867742 -1032.074097 547.423035 -33.681869 -0.054496 -0.002949 0.968421 0.243275
53.075011 -1036.636597 549.865784 -34.172996 -0.055042 -0.002619 0.968365 0.243377
53.282327 -1041.289795 552.314392 -34.665908 -0.054545 -0.003311 0.968680 0.242226
53.489592 -1045.858765 554.729858 -35.152992 -0.054752 -0.003242 0.968841 0.241535
53.696835 -1050.482910 557.148132 -35.650272 -0.057015 -0.003242 0.968884 0.240836
53.904143 -1055.029175 559.516052 -36.143150 -0.056737 -0.004666 0.969062 0.240162
54.111487 -1059.589355 561.893555 -36.652896 -0.055982 -0.004670 0.969167 0.239915
54.318838 -1064.209351 564.314636 -37.151611 -0.055997 -0.003839 0.969284 0.239453
54.526161 -1068.780029 566.685852 -37.648021 -0.056026 -0.002001 0.969440 0.238838
54.733508 -1073.408203 569.094788 -38.145171 -0.055737 -0.000627 0.969534 0.238532
54.940817 -1077.990234 571.442139 -38.626140 -0.056656 -0.002831 0.969659 0.237788
55.148059 -1082.533569 573.766846 -39.132129 -0.057335 -0.007056 0.969828 0.236847
55.355373 -1087.093994 576.097900 -39.635402 -0.056134 -0.007415 0.970158 0.235770
55.562713 -1091.638916 578.435913 -40.127769 -0.057177 -0.005262 0.970513 0.234112
55.770050 -1096.177124 580.733276 -40.623752 -0.056511 -0.004777 0.970857 0.232852
55.977363 -1100.741333 583.032471 -41.121845 -0.055497 -0.005003 0.971086 0.232138
56.184608 -1105.342041 585.342041 -41.627841 -0.058070 -0.002715 0.971192 0.231098
56.391825 -1109.899170 587.606506 -42.143615 -0.060170 -0.005307 0.971245 0.230292
56.599020 -1114.476807 589.877136 -42.686084 -0.059416 -0.007995 0.971439 0.229593
56.806191 -1119.047485 592.133789 -43.202796 -0.058138 -0.007591 0.971629 0.229129
57.013460 -1123.610596 594.399597 -43.715595 -0.057242 -0.005090 0.971727 0.229006
57.220691 -1128.159546 596.669189 -44.215415 -0.059059 -0.004240 0.971718 0.228601
57.427884 -1132.689331 598.916138 -44.747791 -0.057116 -0.003519 0.972035 0.227759
57.635097 -1137.256470 601.149658 -45.248191 -0.055175 -0.001844 0.972449 0.226486
57.842350 -1141.842407 603.404968 -45.741920 -0.056071 -0.001190 0.972641 0.225440
58.049619 -1146.388306 605.604675 -46.274825 -0.060442 -0.001727 0.972560 0.224656
58.256936 -1150.937866 607.806091 -46.826431 -0.059743 -0.000561 0.972922 0.223280
58.464178 -1155.492432 609.991211 -47.349635 -0.058567 -0.001440 0.973267 0.222081
58.671441 -1160.020630 612.161743 -47.880195 -0.059298 -0.001019 0.973528 0.220739
58.878825 -1164.606323 614.321167 -48.417747 -0.060795 -0.000944 0.973681 0.219655
59.086239 -1169.182861 616.474426 -48.964893 -0.060042 -0.000965 0.973993 0.218475
59.293623 -1173.768799 618.614014 -49.512466 -0.060547 -0.001652 0.974234 0.217252
59.501035 -1178.375732 620.762695 -50.061805 -0.059778 -0.001115 0.974572 0.215950
59.708420 -1182.990112 622.880310 -50.604350 -0.058990 -0.001612 0.974871 0.214812
59.915831 -1187.618408 624.993408 -51.128776 -0.058211 -0.001733 0.975230 0.213391
60.123244 -1192.254883 627.103088 -51.662952 -0.058601 -0.001350 0.975472 0.212175
60.330567 -1196.904785 629.201538 -52.202205 -0.059378 -0.001751 0.975585 0.211436
60.537870 -1201.579346 631.295776 -52.742454 -0.059358 -0.003105 0.975603 0.211341
60.745241 -1206.257812 633.392761 -53.293380 -0.059957 -0.002659 0.975578 0.211293
60.952569 -1210.915649 635.478516 -53.844680 -0.060008 -0.002139 0.975544 0.211444
61.159885 -1215.618286 637.595581 -54.401138 -0.059351 -0.001459 0.975561 0.211555
61.367150 -1220.330688 639.717224 -54.960136 -0.060110 -0.001152 0.975503 0.211611
61.574388 -1225.013794 641.824646 -55.524932 -0.059159 -0.000777 0.975669 0.211116
61.781657 -1229.753174 643.932434 -56.077674 -0.058503 -0.000077 0.975896 0.210247
61.988970 -1234.524170 646.069092 -56.643874 -0.060919 0.000477 0.975860 0.209727
62.196227 -1239.323486 648.192871 -57.232597 -0.062000 0.000202 0.975889 0.209277
62.403464 -1244.078369 650.305603 -57.826766 -0.061453 -0.000314 0.976068 0.208602
62.610695 -1248.866577 652.438171 -58.414180 -0.061215 -0.000232 0.976304 0.207565
62.817872 -1253.663086 654.556335 -58.992610 -0.059813 -0.000055 0.976617 0.206499
63.025041 -1258.480469 656.669617 -59.565021 -0.060314 0.000532 0.976852 0.205235
63.232259 -1263.320679 658.767517 -60.140327 -0.060881 0.000788 0.977054 0.204103
63.439449 -1268.163696 660.872131 -60.732173 -0.061394 0.000811 0.977253 0.202992
63.646623 -1273.015503 662.954834 -61.321666 -0.060803 0.001497 0.977632 0.201335
63.853745 -1277.872437 665.019958 -61.902778 -0.059530 0.001205 0.978143 0.199224
64.060939 -1282.756958 667.071167 -62.470531 -0.058432 0.001220 0.978585 0.197374
64.268084 -1287.682373 669.109253 -63.049384 -0.059212 0.000919 0.978867 0.195735
64.475279 -1292.624878 671.134338 -63.623237 -0.058173 -0.000261 0.979128 0.194743
64.682475 -1297.545898 673.141052 -64.190994 -0.057266 -0.000277 0.979385 0.193715
64.889690 -1302.541626 675.173218 -64.744079 -0.057324 0.000201 0.979518 0.193023
65.096914 -1307.540894 677.191101 -65.313789 -0.058160 -0.000153 0.979624 0.192233
65.304219 -1312.556763 679.199402 -65.895927 -0.059353 -0.000184 0.979754 0.191204
65.511497 -1317.587769 681.210999 -66.486633 -0.059841 0.000415 0.979881 0.190398
65.718846 -1322.618896 683.198853 -67.081794 -0.056442 -0.000217 0.980298 0.189287
65.926217 -1327.682251 685.200439 -67.620750 -0.052433 -0.001069 0.980703 0.188340
66.133626 -1332.761597 687.186584 -68.156646 -0.054431 -0.000554 0.980784 0.187350
66.341014 -1337.853027 689.173767 -68.717178 -0.056354 -0.000425 0.980822 0.186583
66.548382 -1342.951782 691.158936 -69.280845 -0.056786 -0.000291 0.980954 0.185753
66.755669 -1348.052368 693.135132 -69.840682 -0.056096 -0.000503 0.981122 0.185075
66.962883 -1353.174683 695.092834 -70.391067 -0.054897 -0.000566 0.981343 0.184259
67.170050 -1358.266602 697.065063 -70.936324 -0.055658 -0.000652 0.981436 0.183536
67.377270 -1363.372437 699.013855 -71.481139 -0.055462 -0.000729 0.981635 0.182527
67.584491 -1368.476440 700.944397 -72.027190 -0.054387 -0.000476 0.981828 0.181814
67.791705 -1373.581055 702.874329 -72.554939 -0.053505 -0.000511 0.982002 0.181131
67.998893 -1378.727905 704.796326 -73.085662 -0.054309 -0.000487 0.982099 0.180369
68.205977 -1383.837280 706.707031 -73.609008 -0.053788 -0.000178 0.982295 0.179453
68.413123 -1388.967896 708.616577 -74.139755 -0.053857 -0.000482 0.982430 0.178690
68.620268 -1394.098389 710.507202 -74.652969 -0.051813 -0.001569 0.982666 0.177990
68.827459 -1399.232544 712.389954 -75.161399 -0.051519 -0.001746 0.982814 0.177255
69.034606 -1404.366455 714.270996 -75.662017 -0.052353 -0.001337 0.982949 0.176265
69.241729 -1409.514038 716.140015 -76.169776 -0.051558 -0.002167 0.983131 0.175474
69.448975 -1414.640381 718.022522 -76.663719 -0.050621 -0.002582 0.983424 0.174092
69.656218 -1419.770752 719.877380 -77.157989 -0.051144 -0.002249 0.983650 0.172660
69.863435 -1424.917603 721.713928 -77.640159 -0.051366 -0.002233 0.983792 0.171782
70.070604 -1430.045898 723.535767 -78.134422 -0.050967 -0.002009 0.983982 0.170815
70.277848 -1435.155151 725.338196 -78.623428 -0.050758 -0.002266 0.984223 0.169483
70.485169 -1440.283203 727.148010 -79.105003 -0.050136 -0.002151 0.984420 0.168520
70.692498 -1445.398682 728.928528 -79.581962 -0.049188 -0.001714 0.984732 0.166973
70.899835 -1450.497681 730.683044 -80.042808 -0.048152 -0.001622 0.984969 0.165878
71.107173 -1455.617676 732.432739 -80.505523 -0.047257 -0.002021 0.985244 0.164491
71.314515 -1460.741333 734.154297 -80.964614 -0.047167 -0.002276 0.985489 0.163036
71.521875 -1465.859741 735.872070 -81.416587 -0.047363 -0.002447 0.985687 0.161775
71.729318 -1470.991821 737.581238 -81.877807 -0.047130 -0.002011 0.985909 0.160495
71.936696 -1476.101196 739.245422 -82.322128 -0.047174 -0.001455 0.986122 0.159174
72.144072 -1481.208618 740.913696 -82.757385 -0.046264 -0.001177 0.986371 0.157896
72.351445 -1486.312744 742.556091 -83.192443 -0.045297 -0.000831 0.986629 0.156556
72.558804 -1491.404175 744.179565 -83.618087 -0.045101 -0.000736 0.986812 0.155460
72.766122 -1496.503662 745.783447 -84.051391 -0.044848 -0.000761 0.986989 0.154404
72.973526 -1501.613647 747.389038 -84.478973 -0.043305 -0.001172 0.987205 0.153461
73.180898 -1506.736328 748.978027 -84.888496 -0.043186 -0.001245 0.987340 0.152620
73.388210 -1511.844482 750.568298 -85.299125 -0.043382 -0.001350 0.987472 0.151710
73.595513 -1516.944336 752.123718 -85.706619 -0.043293 -0.001252 0.987641 0.150633
73.802859 -1522.040894 753.682190 -86.110458 -0.043082 -0.001319 0.987811 0.149569
74.010203 -1527.113770 755.223938 -86.508132 -0.043506 -0.001198 0.987950 0.148525
74.217513 -1532.171631 756.742432 -86.913612 -0.044089 -0.000691 0.988090 0.147422
74.424856 -1537.235107 758.257324 -87.314895 -0.043911 -0.000535 0.988236 0.146498
74.632168 -1542.281494 759.754761 -87.710021 -0.043399 -0.000723 0.988412 0.145459
74.839505 -1547.291260 761.227173 -88.099410 -0.043140 -0.000996 0.988575 0.144418
75.046819 -1552.281006 762.680908 -88.487449 -0.043511 -0.000855 0.988684 0.143563
75.254156 -1557.276489 764.136475 -88.878921 -0.044187 -0.001361 0.988681 0.143371
75.461542 -1562.251953 765.583130 -89.273795 -0.044944 -0.001305 0.988700 0.143008
75.668957 -1567.188110 767.021423 -89.676887 -0.044920 -0.001747 0.988778 0.142470
75.876243 -1572.105835 768.449219 -90.082038 -0.045428 -0.001704 0.988854 0.141776
76.083463 -1577.005371 769.860168 -90.482200 -0.044714 -0.001757 0.988995 0.141019
76.290631 -1581.902344 771.268677 -90.880706 -0.045319 -0.000945 0.989118 0.139971
76.497776 -1586.765503 772.647461 -91.285400 -0.045723 -0.000289 0.989258 0.138842
76.704924 -1591.630737 774.030823 -91.691665 -0.045003 -0.000372 0.989456 0.137663
76.912118 -1596.484497 775.386475 -92.091735 -0.046088 -0.000437 0.989567 0.136500
77.119313 -1601.344727 776.730957 -92.502517 -0.047216 -0.000462 0.989617 0.135751
77.326528 -1606.177124 778.061768 -92.915489 -0.045533 -0.000242 0.989845 0.134663
77.533772 -1611.001221 779.370911 -93.309417 -0.044999 -0.000801 0.990049 0.133335
77.741015 -1615.804199 780.673645 -93.719100 -0.048075 -0.000809 0.990040 0.132319
77.948306 -1620.594727 781.946167 -94.142104 -0.047591 -0.000866 0.990164 0.131564
78.155597 -1625.370850 783.223816 -94.550613 -0.046383 -0.000492 0.990374 0.130411
78.362918 -1630.129028 784.458801 -94.943992 -0.047563 -0.000854 0.990444 0.129455
78.570199 -1634.863281 785.709229 -95.349944 -0.048666 -0.001605 0.990410 0.129294
78.777485 -1639.592896 786.934326 -95.774909 -0.049483 -0.001791 0.990294 0.129868
78.984754 -1644.284668 788.166748 -96.189613 -0.048958 -0.001976 0.990229 0.130561
79.192042 -1648.959229 789.402283 -96.605956 -0.048988 -0.002559 0.990207 0.130708
79.399313 -1653.664429 790.646423 -97.031455 -0.049188 -0.002004 0.990167 0.130940
79.606600 -1658.326660 791.872375 -97.453239 -0.048891 -0.002033 0.990164 0.131075
79.813892 -1662.978760 793.113159 -97.865073 -0.049014 -0.001932 0.990044 0.131937
80.021180 -1667.625977 794.358032 -98.277709 -0.049911 -0.002850 0.989761 0.133695
80.228481 -1672.233154 795.615112 -98.701675 -0.050909 -0.003452 0.989372 0.136161
80.435764 -1676.840454 796.872253 -99.124023 -0.051165 -0.003632 0.989044 0.138422
80.643125 -1681.407837 798.144714 -99.547202 -0.051178 -0.004379 0.988680 0.140976
80.850488 -1685.932983 799.445312 -99.968292 -0.051582 -0.004950 0.988256 0.143753
81.057833 -1690.435181 800.787109 -100.390411 -0.052859 -0.004281 0.987841 0.146142
81.265164 -1694.934204 802.116638 -100.812812 -0.052809 -0.004606 0.987581 0.147895
81.472475 -1699.378906 803.471863 -101.239921 -0.053250 -0.004973 0.987242 0.149979
81.679696 -1703.835449 804.825256 -101.671401 -0.052810 -0.003722 0.987172 0.150630
81.886847 -1708.250732 806.199951 -102.083579 -0.051934 -0.003366 0.987140 0.151150
82.094067 -1712.655884 807.555603 -102.500152 -0.051354 -0.004460 0.987064 0.151812
82.301368 -1717.012085 808.897827 -102.900688 -0.050702 -0.004361 0.987041 0.152187
82.508689 -1721.325562 810.248047 -103.300575 -0.051570 -0.004183 0.986977 0.152313
82.715983 -1725.664551 811.597229 -103.703025 -0.051957 -0.004525 0.987053 0.151682
82.923296 -1729.983643 812.946533 -104.113883 -0.053370 -0.003927 0.987181 0.150366
83.130621 -1734.246948 814.252502 -104.542350 -0.056456 -0.002967 0.987287 0.148551
83.338012 -1738.503052 815.531738 -104.984939 -0.054889 -0.003251 0.987695 0.146406
83.545316 -1742.758545 816.794800 -105.403877 -0.050413 -0.002338 0.988369 0.143455
83.752669 -1747.009888 818.039734 -105.807906 -0.052802 -0.000630 0.988728 0.140104
83.960107 -1751.206177 819.223083 -106.231811 -0.055400 -0.001093 0.988939 0.137587
84.167518 -1755.456909 820.401123 -106.678199 -0.054887 0.000121 0.989239 0.135622
84.374856 -1759.672241 821.553162 -107.101638 -0.056463 -0.000413 0.989393 0.133843
84.582204 -1763.913452 822.695557 -107.545211 -0.056309 -0.002417 0.989458 0.133400
84.789536 -1768.151733 823.836548 -107.992904 -0.056524 -0.003503 0.989505 0.132942
84.996820 -1772.260132 824.939880 -108.422897 -0.057001 -0.003200 0.989532 0.132538
85.204166 -1776.458618 826.065613 -108.867011 -0.057168 -0.003300 0.989545 0.132370
85.411491 -1780.660522 827.186157 -109.314445 -0.056986 -0.003093 0.989556 0.132367
85.618855 -1784.767334 828.277039 -109.744888 -0.058242 -0.002310 0.989579 0.131664
85.826195 -1788.990479 829.392822 -110.196296 -0.058773 -0.002009 0.989608 0.131216
86.033533 -1793.108643 830.482056 -110.644660 -0.059474 -0.002663 0.989723 0.130012
86.240860 -1797.253540 831.572815 -111.108741 -0.059318 -0.001187 0.989923 0.128576
86.448226 -1801.340454 832.620239 -111.547805 -0.057714 -0.001314 0.990247 0.126797
86.655703 -1805.456055 833.662476 -111.995063 -0.060314 -0.002194 0.990308 0.125089
86.863140 -1809.569092 834.699036 -112.461623 -0.061900 -0.003019 0.990380 0.123723
87.070577 -1813.643066 835.702271 -112.923194 -0.061633 -0.003411 0.990614 0.121960
87.278011 -1817.706177 836.698425 -113.404685 -0.062081 -0.003114 0.990719 0.120877
87.485425 -1821.729614 837.670166 -113.855972 -0.061295 -0.002431 0.990874 0.120027
87.692769 -1825.735718 838.632935 -114.302100 -0.061127 -0.000025 0.990913 0.119814
87.900185 -1829.682983 839.574219 -114.732734 -0.062928 0.001611 0.990785 0.119930
88.107566 -1833.615112 840.522400 -115.181327 -0.063231 -0.000183 0.990684 0.120609
88.314961 -1837.475830 841.448669 -115.629936 -0.062499 -0.002525 0.990673 0.121060
88.522388 -1841.333618 842.384277 -116.081748 -0.063658 -0.002921 0.990514 0.121739
88.729876 -1845.177002 843.316956 -116.530677 -0.065075 -0.004065 0.990308 0.122631
88.937336 -1848.974731 844.260986 -116.989906 -0.066380 -0.004299 0.990038 0.124099
89.144696 -1852.728394 845.203857 -117.453697 -0.066838 -0.001879 0.989886 0.125116
89.351979 -1856.427490 846.144836 -117.903800 -0.067050 0.001607 0.989731 0.126229
89.559273 -1860.063721 847.078430 -118.351562 -0.065902 0.004671 0.989663 0.127285
89.766633 -1863.614014 848.009583 -118.776702 -0.065180 0.007830 0.989474 0.128960
89.974067 -1867.137207 848.931396 -119.201316 -0.064765 0.010034 0.989218 0.130967
90.181504 -1870.589355 849.863342 -119.622894 -0.064708 0.012892 0.988922 0.132964
90.388889 -1873.946655 850.778870 -120.024963 -0.064516 0.016089 0.988522 0.135654
90.596301 -1877.236694 851.706909 -120.417884 -0.064453 0.016787 0.987942 0.139764
90.803705 -1880.461792 852.633484 -120.808616 -0.065070 0.017444 0.986950 0.146255
91.011094 -1883.578125 853.595032 -121.194991 -0.065148 0.016956 0.985697 0.154496
91.218530 -1886.628540 854.588562 -121.580825 -0.064459 0.015393 0.983805 0.166544
91.425986 -1889.598999 855.663330 -121.951156 -0.063856 0.015976 0.981156 0.181662
91.633396 -1892.469971 856.808167 -122.312721 -0.063771 0.017751 0.977969 0.197978
91.840828 -1895.300537 858.042419 -122.679344 -0.063822 0.018319 0.974217 0.215622
92.048264 -1898.038208 859.374084 -123.034919 -0.062615 0.018249 0.969955 0.234381
92.255747 -1900.705078 860.796753 -123.400192 -0.063868 0.019219 0.964583 0.255209
92.463229 -1903.309326 862.327576 -123.763038 -0.063995 0.018285 0.958555 0.277024
92.670662 -1905.829956 863.972473 -124.126640 -0.062975 0.016318 0.951732 0.299957
92.878121 -1908.241333 865.731384 -124.472930 -0.063782 0.015645 0.943741 0.324099
93.085578 -1910.569092 867.618958 -124.839187 -0.065992 0.015655 0.934750 0.348772
93.293015 -1912.770508 869.610840 -125.194427 -0.063678 0.014904 0.925355 0.373419
93.500429 -1914.867554 871.708313 -125.541557 -0.061968 0.013798 0.915308 0.397720
93.707834 -1916.846436 873.935059 -125.869399 -0.062141 0.013164 0.903986 0.422817
93.915242 -1918.690186 876.249634 -126.200301 -0.061316 0.012115 0.891644 0.448403
94.122608 -1920.405273 878.685791 -126.513442 -0.059737 0.011356 0.878658 0.473563
94.329971 -1921.977173 881.192810 -126.817497 -0.060523 0.010674 0.864639 0.498620
94.537306 -1923.386475 883.775757 -127.116470 -0.059826 0.008532 0.850344 0.522747
94.744643 -1924.667358 886.444275 -127.406303 -0.059282 0.007867 0.835694 0.545929
94.952056 -1925.778442 889.185852 -127.681983 -0.058517 0.007187 0.820527 0.568559
95.159512 -1926.757690 891.974915 -127.955619 -0.057814 0.006161 0.804899 0.590557
95.366898 -1927.584229 894.827515 -128.209647 -0.056328 0.004983 0.788776 0.612074
95.574257 -1928.253174 897.728455 -128.448875 -0.054862 0.004674 0.773115 0.631871
95.781648 -1928.777588 900.650574 -128.682060 -0.054214 0.004200 0.756933 0.651227
95.988986 -1929.171265 903.592407 -128.901145 -0.052139 0.002450 0.740142 0.670421
96.196248 -1929.397705 906.574463 -129.095893 -0.050163 -0.000421 0.722269 0.689790
96.403591 -1929.466919 909.575195 -129.274162 -0.049852 -0.001735 0.703311 0.709130
96.610950 -1929.376343 912.580872 -129.443626 -0.049974 -0.001850 0.683341 0.728384
96.818308 -1929.121460 915.597412 -129.600105 -0.047782 -0.003817 0.663092 0.747002
97.025723 -1928.690430 918.597656 -129.734077 -0.046854 -0.004235 0.641894 0.765349
97.233158 -1928.097656 921.575500 -129.857963 -0.046153 -0.005512 0.619506 0.783615
97.440590 -1927.328735 924.521790 -129.961265 -0.045058 -0.007227 0.596116 0.801601
97.648027 -1926.396729 927.412170 -130.040733 -0.044236 -0.008566 0.572037 0.818989
97.855435 -1925.284546 930.236145 -130.118232 -0.043445 -0.009218 0.547402 0.835691
98.062846 -1924.005615 933.001587 -130.170539 -0.042001 -0.010158 0.522166 0.851749
98.270207 -1922.583252 935.673218 -130.205802 -0.040228 -0.011852 0.496587 0.866973
98.477596 -1920.986450 938.267273 -130.229408 -0.039335 -0.012163 0.470562 0.881406
98.684936 -1919.250244 940.757141 -130.234947 -0.037508 -0.013517 0.443833 0.895222
98.892272 -1917.360596 943.145691 -130.216941 -0.035095 -0.015408 0.417075 0.908064
99.099616 -1915.319702 945.437256 -130.186866 -0.034155 -0.016231 0.390620 0.919775
99.306878 -1913.146851 947.608398 -130.130851 -0.033031 -0.016760 0.364647 0.930409
99.514143 -1910.836548 949.680847 -130.072059 -0.031590 -0.017807 0.339171 0.940025
99.721482 -1908.394165 951.644104 -129.997398 -0.029505 -0.018296 0.314756 0.948537
99.928869 -1905.853882 953.476624 -129.904121 -0.027671 -0.019072 0.291454 0.955994
100.136255 -1903.201538 955.212158 -129.807899 -0.027483 -0.018787 0.268747 0.962635
100.343643 -1900.439941 956.822327 -129.712302 -0.026384 -0.019882 0.247505 0.968323
100.550909 -1897.586670 958.331482 -129.593864 -0.024627 -0.019720 0.228600 0.973009
100.758172 -1894.646973 959.749084 -129.465293 -0.021996 -0.020196 0.212884 0.976621
100.965416 -1891.649780 961.096008 -129.330711 -0.019503 -0.021375 0.198983 0.979576
101.172632 -1888.584839 962.371765 -129.185417 -0.018131 -0.021320 0.186574 0.982042
101.379899 -1885.467041 963.594604 -129.030143 -0.017811 -0.021639 0.175552 0.984071
101.587189 -1882.283081 964.754395 -128.885597 -0.017589 -0.020936 0.166500 0.985662
101.794410 -1879.072144 965.862366 -128.735404 -0.016648 -0.020134 0.160921 0.986621
102.001721 -1875.846802 966.951904 -128.583961 -0.016629 -0.019428 0.155798 0.987458
102.209059 -1872.602783 968.008545 -128.432777 -0.017213 -0.019099 0.151451 0.988130
102.416397 -1869.327759 969.049927 -128.281699 -0.017291 -0.018498 0.148524 0.988585
102.623734 -1866.052612 970.069336 -128.138282 -0.017128 -0.018667 0.146584 0.988874
102.831120 -1862.768188 971.073120 -127.986930 -0.016857 -0.018540 0.144945 0.989122
103.038462 -1859.498291 972.069824 -127.838462 -0.016690 -0.017964 0.144009 0.989273
103.245848 -1856.220215 973.045288 -127.697196 -0.016563 -0.017085 0.142943 0.989445
103.453192 -1852.911621 974.041321 -127.559303 -0.016679 -0.016486 0.141728 0.989628
103.660526 -1849.630615 975.018311 -127.422050 -0.016652 -0.016485 0.140605 0.989788
103.867847 -1846.319824 975.994019 -127.282844 -0.016818 -0.015530 0.139282 0.989988
104.075157 -1843.071777 976.945923 -127.148315 -0.016969 -0.015924 0.138157 0.990137
104.282495 -1839.834839 977.878113 -127.006049 -0.017183 -0.017819 0.136632 0.990313
104.489853 -1836.622070 978.785461 -126.860252 -0.016903 -0.018111 0.134554 0.990597
104.697309 -1833.437866 979.678528 -126.709258 -0.017000 -0.017395 0.130255 0.991182
104.904769 -1830.291992 980.519653 -126.558402 -0.017625 -0.017574 0.123068 0.992086
105.112230 -1827.175415 981.294434 -126.413398 -0.017526 -0.017731 0.113318 0.993246
105.319614 -1824.103882 981.999023 -126.265762 -0.017952 -0.017266 0.100780 0.994597
105.527048 -1821.075439 982.593872 -126.118095 -0.018037 -0.017686 0.084794 0.996078
105.734577 -1818.070557 983.074341 -125.968963 -0.017563 -0.019389 0.065917 0.997482
105.942035 -1815.100098 983.427551 -125.808646 -0.016435 -0.020620 0.044612 0.998656
106.149545 -1812.181763 983.646851 -125.643691 -0.014978 -0.020871 0.020817 0.999453
106.357054 -1809.267944 983.717834 -125.484084 -0.013466 -0.022090 -0.006522 0.999644
106.564533 -1806.372925 983.623718 -125.320220 -0.009765 -0.024412 -0.035196 0.999034
106.772194 -1803.493286 983.355469 -125.134475 -0.006611 -0.025564 -0.065070 0.997531
106.979499 -1800.672729 982.907410 -124.939910 -0.004406 -0.024814 -0.096757 0.994989
107.186978 -1797.875610 982.293457 -124.760574 -0.002906 -0.025067 -0.131572 0.990985
107.394435 -1795.143921 981.490173 -124.576347 -0.000845 -0.027544 -0.166666 0.985628
107.601805 -1792.496338 980.475159 -124.392074 0.001528 -0.028176 -0.201186 0.979147
107.809152 -1789.909546 979.303467 -124.186004 0.003040 -0.028000 -0.235948 0.971358
108.016570 -1787.432617 977.934021 -124.005248 0.004413 -0.028608 -0.270952 0.962158
108.223960 -1785.080566 976.401245 -123.826301 0.006008 -0.031071 -0.305129 0.951785
108.431346 -1782.845947 974.707581 -123.633010 0.008794 -0.033145 -0.338342 0.940398
108.638730 -1780.738281 972.871826 -123.445289 0.011079 -0.034667 -0.371173 0.927850
108.846069 -1778.759521 970.869507 -123.250884 0.012569 -0.038412 -0.402274 0.914627
109.053407 -1776.914062 968.727966 -123.047630 0.015096 -0.038698 -0.430645 0.901565
109.260702 -1775.194702 966.486267 -122.858207 0.017989 -0.039972 -0.457596 0.888079
109.468061 -1773.627441 964.148010 -122.671218 0.019813 -0.043400 -0.483995 0.873769
109.675475 -1772.190186 961.718140 -122.495002 0.020703 -0.041007 -0.511284 0.858184
109.882972 -1770.896362 959.202087 -122.327064 0.019852 -0.041232 -0.540424 0.840148
110.090441 -1769.782837 956.592896 -122.149078 0.014677 -0.046111 -0.568972 0.820932
110.297923 -1768.848633 953.877075 -121.983901 0.020883 -0.042998 -0.595248 0.802119
110.505376 -1768.087036 951.118103 -121.843353 0.023791 -0.043747 -0.621639 0.781719
110.712806 -1767.533203 948.318909 -121.694320 0.021648 -0.046496 -0.647554 0.760292
110.920220 -1767.141479 945.470337 -121.539520 0.020453 -0.045953 -0.672616 0.738280
111.127607 -1766.961060 942.578186 -121.399368 0.019945 -0.043313 -0.697086 0.715400
111.335037 -1766.942017 939.653931 -121.278869 0.019129 -0.042372 -0.719600 0.692831
111.542400 -1767.110596 936.659729 -121.167259 0.020074 -0.041463 -0.739574 0.671497
111.749683 -1767.459839 933.679138 -121.080085 0.021985 -0.040102 -0.756747 0.652107
111.956981 -1767.964233 930.644348 -121.005195 0.022219 -0.040510 -0.771261 0.634840
112.164107 -1768.614014 927.587585 -120.930679 0.023385 -0.042718 -0.782914 0.620221
112.371281 -1769.375244 924.552734 -120.872520 0.025978 -0.041245 -0.792431 0.608011
112.578484 -1770.232178 921.508301 -120.824317 0.025959 -0.041453 -0.801141 0.596474
112.785612 -1771.189941 918.433838 -120.782745 0.027111 -0.042480 -0.807005 0.588390
112.992719 -1772.175415 915.362610 -120.745437 0.027424 -0.041068 -0.809887 0.584504
113.199956 -1773.192871 912.246582 -120.714446 0.027575 -0.039863 -0.811503 0.582334
113.407174 -1774.253784 909.106628 -120.688407 0.028895 -0.038531 -0.812342 0.581189
113.614508 -1775.334106 905.942444 -120.684226 0.028831 -0.038681 -0.813411 0.579685
113.821826 -1776.405884 902.769043 -120.668395 0.027547 -0.038453 -0.814295 0.578521
114.029167 -1777.545166 899.507629 -120.665443 0.028927 -0.038243 -0.815368 0.576954
114.236507 -1778.706543 896.236572 -120.658187 0.031585 -0.041060 -0.815716 0.576128
114.443842 -1779.875732 892.913086 -120.635833 0.029230 -0.041425 -0.815866 0.576015
114.651155 -1781.043701 889.552795 -120.630035 0.030395 -0.039464 -0.815239 0.576979
114.858507 -1782.227417 886.166321 -120.618469 0.030356 -0.039867 -0.814056 0.578620
115.065871 -1783.414307 882.717712 -120.608131 0.029954 -0.040293 -0.812435 0.580886
115.273200 -1784.583374 879.237732 -120.595260 0.029732 -0.040246 -0.810656 0.583381
115.480524 -1785.739624 875.712097 -120.580299 0.031117 -0.041030 -0.808775 0.585860
115.687872 -1786.896362 872.167419 -120.567786 0.032042 -0.042868 -0.806735 0.588485
115.895251 -1788.021484 868.562134 -120.539848 0.033109 -0.040992 -0.805381 0.590411
116.102674 -1789.138184 864.940002 -120.526847 0.030873 -0.038840 -0.805077 0.591091
116.310036 -1790.266602 861.251831 -120.532852 0.029932 -0.037322 -0.804706 0.591743
116.517424 -1791.419800 857.540466 -120.525260 0.029981 -0.038750 -0.804255 0.592261
116.724759 -1792.559204 853.803223 -120.495857 0.030858 -0.036832 -0.804217 0.592391
116.932126 -1793.696777 850.061951 -120.500587 0.031114 -0.036521 -0.803867 0.592871
117.139431 -1794.842285 846.343689 -120.488494 0.029898 -0.039236 -0.803448 0.593327
117.346766 -1795.981934 842.568237 -120.452026 0.030299 -0.036803 -0.803525 0.593359
117.554134 -1797.111206 838.828674 -120.450866 0.028902 -0.035051 -0.804926 0.591634
117.761423 -1798.266113 835.096802 -120.446182 0.028999 -0.036220 -0.806256 0.589744
117.968740 -1799.470459 831.349915 -120.415389 0.030212 -0.036200 -0.807694 0.587714
118.176026 -1800.679565 827.590149 -120.424934 0.033136 -0.034774 -0.808691 0.586269
118.383376 -1801.892334 823.854004 -120.444923 0.033766 -0.035626 -0.809314 0.585321
118.590667 -1803.129517 820.072815 -120.451072 0.032725 -0.036596 -0.810174 0.584130
118.797999 -1804.351074 816.322693 -120.460609 0.033689 -0.035344 -0.810310 0.583964
119.005402 -1805.603149 812.527405 -120.473991 0.033264 -0.035448 -0.811050 0.582954
119.212883 -1806.855347 808.721252 -120.480018 0.031146 -0.033727 -0.812108 0.581699
119.420246 -1808.138916 804.878784 -120.497031 0.031479 -0.031353 -0.813584 0.579748
119.627580 -1809.453491 801.074646 -120.536315 0.033354 -0.033151 -0.814623 0.578081
119.834935 -1810.783813 797.224060 -120.538596 0.031408 -0.032150 -0.815420 0.577122
120.042249 -1812.119629 793.302002 -120.574813 0.030682 -0.029661 -0.815984 0.576497
120.249562 -1813.478394 789.449280 -120.615623 0.031005 -0.030307 -0.816176 0.576175
120.456856 -1814.854004 785.579041 -120.648216 0.032569 -0.033184 -0.815776 0.576496
120.664199 -1816.218506 781.671021 -120.651389 0.031063 -0.033515 -0.815512 0.576934
120.871514 -1817.581177 777.705078 -120.670875 0.029618 -0.030913 -0.815553 0.577096
